Clinic:	Radiotherapie UMC Utrecht
Address:	Heidelberglaan 100, Utrecht
Telephone:	030-2507209
Email:	radiotherapy@azu.nl

Beam Description:

Radiation device	U04
Energy	8 MeV Electron
Wedge:	 0 °
Gantry	0 °(0°up, CW)
Collimator	90 °
SSD, SAD [cm]:	100	100
Applicator:	tubus 20x20
Field size [cm x cm]:	20 x 20
Field position inline (min, max) [cm]:	-10	10
Field position crossline (min, max) [cm]:	-10	10
Medium:	Water

CurveType: 	Depth Dose

Curve Description:

Measurement Time:	2005-09-08 15:04:40
Modification Time:	2005-09-08 15:04:40
Operator:	
Measurement comment:	
Setup comment:	
Renormalise factor:	-
Curve offset [cm]:	-

Detector
Quantity:	Relative Dose
Detector Type:	diode	Single Diode	Offset to P eff [cm]: 0,05

Electrometer
Electrometer type:	CU500E
Measurement mode:	Continuous
Reference division:	-
Reference (avg, min, max):	936	881	996
Measurements per point:	-
Sampling time [ms]:	0
HV type:	-
Normalisation value, field and reference:	1051	996
Dark current, field and reference:	-54	17
High voltage, field and reference [V]:	0	0
Gain, field and reference:	30	28
Range, field and reference:	HIGH	HIGH

Servo
Servo type:	Blue 48 48 41
Scan Speed [mm/s]:	5,1
Water surface correction [cm]:	8,7
Water offset correction [cm]:	0
Origin [X, Y, Z] [cm]:	-0,99	-1,69	2,33
Servo axis [I, C, D]:	-Y	X	-Z
Isocentre [I, C, D] [cm]:	0	0	0
Normalisation [I, C, D] [cm]:	0	0	2

Position A [I, C, D] [cm]:	-1,69	0,99	2,39
Position B [I, C, D] [cm]:	-1,69	0,99	2,39
Position C [I, C, D] [cm]:	-1,69	0,99	2,39
Position D [I, C, D] [cm]:	-1,69	0,99	2,39
Number Of Points:	368
Start Point [I,C,D] [cm]:	0	0	14
End Point [I,C,D] [cm]:	0	0	-1
Points [cm]:	Inline	Crossline	Depth	Relative Dose
	0	0	-0,98	87,1
	0	0	-0,95	87,4
	0	0	-0,92	87,5
	0	0	-0,87	87,1
	0	0	-0,84	87
	0	0	-0,81	86,6
	0	0	-0,77	86,7
	0	0	-0,74	86,4
	0	0	-0,69	86,4
	0	0	-0,66	86,9
	0	0	-0,63	86,6
	0	0	-0,59	86,2
	0	0	-0,56	86,7
	0	0	-0,51	86,4
	0	0	-0,46	86,5
	0	0	-0,43	86,2
	0	0	-0,4	86,2
	0	0	-0,36	85,7
	0	0	-0,32	85,8
	0	0	-0,28	86,1
	0	0	-0,23	85,3
	0	0	-0,18	85,6
	0	0	-0,15	86
	0	0	-0,11	85,8
	0	0	-0,05	85,2
	0	0	0	84,5
	0	0	0,05	84,5
	0	0	0,1	85,6
	0	0	0,15	85,6
	0	0	0,21	87,8
	0	0	0,26	88,7
	0	0	0,31	88,8
	0	0	0,35	89,7
	0	0	0,41	89,6
	0	0	0,44	90,8
	0	0	0,48	91,3
	0	0	0,51	91,5
	0	0	0,54	92,1
	0	0	0,58	93
	0	0	0,63	93,3
	0	0	0,66	93,3
	0	0	0,7	93,1
	0	0	0,73	94
	0	0	0,76	94,2
	0	0	0,79	94,9
	0	0	0,84	95,5
	0	0	0,87	95,9
	0	0	0,9	96,6
	0	0	0,94	97,2
	0	0	0,97	96,6
	0	0	1,02	97,9
	0	0	1,07	98,5
	0	0	1,12	99,6
	0	0	1,18	100,1
	0	0	1,23	100,2
	0	0	1,26	100,8
	0	0	1,31	101,8
	0	0	1,36	102,2
	0	0	1,39	103
	0	0	1,42	102,8
	0	0	1,46	103,9
	0	0	1,49	103,4
	0	0	1,52	104,5
	0	0	1,56	105,3
	0	0	1,61	105,2
	0	0	1,64	105,1
	0	0	1,67	105
	0	0	1,72	105,6
	0	0	1,76	106
	0	0	1,79	106,1
	0	0	1,84	106,7
	0	0	1,87	106,4
	0	0	1,9	106,1
	0	0	1,94	106,2
	0	0	1,97	106,1
	0	0	2,02	105,3
	0	0	2,07	104,8
	0	0	2,1	104,7
	0	0	2,15	104,2
	0	0	2,18	102,6
	0	0	2,21	102,9
	0	0	2,25	101
	0	0	2,3	101,5
	0	0	2,33	100,2
	0	0	2,36	100,2
	0	0	2,4	97,7
	0	0	2,43	96,5
	0	0	2,48	94
	0	0	2,51	93,2
	0	0	2,55	91,8
	0	0	2,58	90,4
	0	0	2,63	89,1
	0	0	2,66	87,9
	0	0	2,71	85,4
	0	0	2,76	81,9
	0	0	2,81	78,5
	0	0	2,84	77,3
	0	0	2,89	74,5
	0	0	2,92	72,9
	0	0	2,96	68,8
	0	0	3,01	64,9
	0	0	3,04	63,5
	0	0	3,07	62,7
	0	0	3,12	58,3
	0	0	3,15	56,7
	0	0	3,19	52,9
	0	0	3,22	50,9
	0	0	3,27	46,1
	0	0	3,32	43,1
	0	0	3,37	40,1
	0	0	3,42	35,3
	0	0	3,47	31,3
	0	0	3,51	29,6
	0	0	3,54	28
	0	0	3,59	24,8
	0	0	3,63	22,3
	0	0	3,66	21,5
	0	0	3,69	20,6
	0	0	3,74	17,7
	0	0	3,79	14,8
	0	0	3,84	11,8
	0	0	3,89	10,5
	0	0	3,92	9,8
	0	0	3,97	8,4
	0	0	4,02	7
	0	0	4,07	5,3
	0	0	4,12	4,4
	0	0	4,15	3,9
	0	0	4,2	3,6
	0	0	4,25	3,1
	0	0	4,3	2,3
	0	0	4,33	1,9
	0	0	4,38	1,7
	0	0	4,43	1,4
	0	0	4,48	1,3
	0	0	4,53	1,2
	0	0	4,56	1,2
	0	0	4,59	1,1
	0	0	4,63	1,1
	0	0	4,66	1
	0	0	4,71	0,9
	0	0	4,76	0,8
	0	0	4,81	0,8
	0	0	4,84	0,9
	0	0	4,87	0,8
	0	0	4,91	0,7
	0	0	4,96	0,8
	0	0	4,99	0,8
	0	0	5,03	0,8
	0	0	5,09	0,9
	0	0	5,12	0,9
	0	0	5,17	0,9
	0	0	5,22	0,8
	0	0	5,26	0,8
	0	0	5,32	0,8
	0	0	5,35	0,9
	0	0	5,39	0,8
	0	0	5,45	0,8
	0	0	5,49	0,8
	0	0	5,52	0,8
	0	0	5,56	0,8
	0	0	5,6	0,7
	0	0	5,65	1
	0	0	5,69	0,9
	0	0	5,73	0,8
	0	0	5,76	0,8
	0	0	5,8	0,8
	0	0	5,83	0,7
	0	0	5,89	0,7
	0	0	5,92	0,8
	0	0	5,96	0,7
	0	0	6,01	0,7
	0	0	6,04	0,7
	0	0	6,09	0,6
	0	0	6,12	0,8
	0	0	6,17	0,6
	0	0	6,22	0,8
	0	0	6,25	0,7
	0	0	6,29	0,7
	0	0	6,35	0,7
	0	0	6,4	0,6
	0	0	6,43	0,8
	0	0	6,48	0,7
	0	0	6,52	0,7
	0	0	6,56	0,7
	0	0	6,6	0,6
	0	0	6,65	0,6
	0	0	6,69	0,6
	0	0	6,73	0,7
	0	0	6,78	0,7
	0	0	6,83	0,7
	0	0	6,86	0,7
	0	0	6,89	0,6
	0	0	6,93	0,7
	0	0	6,98	0,6
	0	0	7,01	0,5
	0	0	7,06	0,7
	0	0	7,11	0,6
	0	0	7,14	0,5
	0	0	7,17	0,5
	0	0	7,21	0,7
	0	0	7,24	0,5
	0	0	7,29	0,7
	0	0	7,34	0,7
	0	0	7,37	0,7
	0	0	7,42	0,6
	0	0	7,46	0,6
	0	0	7,49	0,6
	0	0	7,52	0,7
	0	0	7,57	0,7
	0	0	7,62	0,6
	0	0	7,65	0,5
	0	0	7,69	0,6
	0	0	7,72	0,6
	0	0	7,75	0,5
	0	0	7,78	0,6
	0	0	7,82	0,5
	0	0	7,85	0,5
	0	0	7,88	0,6
	0	0	7,91	0,6
	0	0	7,95	0,5
	0	0	8	0,6
	0	0	8,03	0,6
	0	0	8,08	0,6
	0	0	8,11	0,6
	0	0	8,14	0,5
	0	0	8,19	0,4
	0	0	8,24	0,5
	0	0	8,27	0,5
	0	0	8,3	0,5
	0	0	8,34	0,5
	0	0	8,37	0,6
	0	0	8,4	0,7
	0	0	8,45	0,6
	0	0	8,48	0,4
	0	0	8,52	0,5
	0	0	8,57	0,6
	0	0	8,6	0,6
	0	0	8,65	0,5
	0	0	8,7	0,4
	0	0	8,75	0,5
	0	0	8,78	0,5
	0	0	8,81	0,6
	0	0	8,84	0,5
	0	0	8,88	0,4
	0	0	8,93	0,6
	0	0	8,98	0,5
	0	0	9,03	0,5
	0	0	9,06	0,5
	0	0	9,11	0,5
	0	0	9,16	0,5
	0	0	9,21	0,5
	0	0	9,26	0,5
	0	0	9,29	0,5
	0	0	9,34	0,5
	0	0	9,37	0,5
	0	0	9,42	0,5
	0	0	9,45	0,4
	0	0	9,49	0,5
	0	0	9,54	0,4
	0	0	9,57	0,4
	0	0	9,62	0,4
	0	0	9,67	0,4
	0	0	9,73	0,5
	0	0	9,77	0,4
	0	0	9,8	0,4
	0	0	9,85	0,5
	0	0	9,9	0,4
	0	0	9,95	0,4
	0	0	10	0,4
	0	0	10,05	0,3
	0	0	10,1	0,4
	0	0	10,13	0,5
	0	0	10,18	0,3
	0	0	10,21	0,4
	0	0	10,26	0,4
	0	0	10,29	0,5
	0	0	10,33	0,4
	0	0	10,38	0,3
	0	0	10,41	0,4
	0	0	10,46	0,4
	0	0	10,51	0,3
	0	0	10,54	0,4
	0	0	10,59	0,4
	0	0	10,62	0,4
	0	0	10,67	0,4
	0	0	10,72	0,3
	0	0	10,75	0,2
	0	0	10,79	0,3
	0	0	10,82	0,4
	0	0	10,87	0,3
	0	0	10,92	0,3
	0	0	10,95	0,3
	0	0	10,98	0,3
	0	0	11,02	0,3
	0	0	11,07	0,3
	0	0	11,12	0,2
	0	0	11,17	0,4
	0	0	11,2	0,4
	0	0	11,23	0,3
	0	0	11,26	0,3
	0	0	11,3	0,3
	0	0	11,33	0,3
	0	0	11,36	0,4
	0	0	11,4	0,3
	0	0	11,43	0,3
	0	0	11,48	0,4
	0	0	11,53	0,3
	0	0	11,59	0,2
	0	0	11,63	0,3
	0	0	11,66	0,3
	0	0	11,71	0,3
	0	0	11,76	0,3
	0	0	11,81	0,4
	0	0	11,84	0,3
	0	0	11,87	0,3
	0	0	11,91	0,3
	0	0	11,94	0,2
	0	0	11,99	0,3
	0	0	12,04	0,3
	0	0	12,07	0,2
	0	0	12,1	0,4
	0	0	12,14	0,3
	0	0	12,19	0,3
	0	0	12,22	0,3
	0	0	12,27	0,2
	0	0	12,3	0,3
	0	0	12,35	0,3
	0	0	12,4	0,3
	0	0	12,43	0,3
	0	0	12,47	0,3
	0	0	12,5	0,2
	0	0	12,53	0,4
	0	0	12,57	0,2
	0	0	12,61	0,3
	0	0	12,65	0,3
	0	0	12,68	0,2
	0	0	12,73	0,3
	0	0	12,78	0,3
	0	0	12,83	0,3
	0	0	12,86	0,3
	0	0	12,91	0,3
	0	0	12,94	0,2
	0	0	12,97	0,3
	0	0	13,01	0,3
	0	0	13,06	0,3
	0	0	13,11	0,2
	0	0	13,14	0,2
	0	0	13,17	0,2
	0	0	13,22	0,2
	0	0	13,27	0,3
	0	0	13,31	0,2
	0	0	13,34	0,2
	0	0	13,37	0,2
	0	0	13,42	0,2
	0	0	13,47	0,3
	0	0	13,52	0,3
	0	0	13,57	0,3
	0	0	13,62	0,2
	0	0	13,67	0,2
	0	0	13,7	0,2
	0	0	13,75	0,2
	0	0	13,78	0,2
	0	0	13,82	0,1
	0	0	13,86	0,1
	0	0	13,91	0,2
	0	0	13,97	0,2
	0	0	14	0,1
