Measurement time:	12/6/2018 12:00:35 PM
Radiation device:	U03 Accelerator
Energy:	6 MV 
Controller:	CCU
Measurement device:	Blue Phantom 2  (48*48*41)
Field detector:	CC 04
Reference detector:	Stealth_1
SAD:	1000 mm
SSD:	1000 mm
Field size:	100 x 100 mm
Gantry angle:	0
Measurement medium:	Water
Scan type:	Beam
Scan mode:	Continuous
Wedge:	none

Points [mm]:
Inline	Crossline	Depth	Normalized field	Current field	Ratio
0.0	0.0	310.0	30.94	66880.5	30.88
0.0	0.0	309.1	33.26	71901.0	32.88
0.0	0.0	307.5	33.56	72553.1	33.13
0.0	0.0	306.3	33.85	73185.2	33.54
0.0	0.0	305.3	34.43	74445.1	34.09
0.0	0.0	304.4	34.10	73729.2	33.65
0.0	0.0	303.5	34.58	74751.4	34.19
0.0	0.0	302.6	34.56	74707.3	34.13
0.0	0.0	301.5	34.80	75229.6	34.40
0.0	0.0	300.5	34.86	75358.3	34.27
0.0	0.0	299.4	35.07	75819.4	34.54
0.0	0.0	298.4	35.21	76113.0	34.99
0.0	0.0	297.4	35.79	77369.6	35.45
0.0	0.0	296.4	35.53	76821.9	35.05
0.0	0.0	295.4	36.03	77894.4	35.52
0.0	0.0	294.4	35.85	77504.3	35.21
0.0	0.0	293.4	36.12	78084.6	35.69
0.0	0.0	292.4	36.67	79268.3	36.15
0.0	0.0	291.4	36.42	78747.2	35.97
0.0	0.0	290.4	36.88	79732.2	36.43
0.0	0.0	289.4	37.13	80267.1	36.79
0.0	0.0	288.4	37.23	80492.0	36.76
0.0	0.0	287.4	37.35	80739.5	36.85
0.0	0.0	286.4	37.71	81517.0	37.20
0.0	0.0	285.4	37.76	81641.0	37.32
0.0	0.0	284.3	37.71	81532.7	37.16
0.0	0.0	283.4	38.27	82732.4	37.50
0.0	0.0	282.4	38.57	83388.7	38.18
0.0	0.0	281.4	38.62	83493.1	38.02
0.0	0.0	280.3	38.94	84178.8	38.47
0.0	0.0	279.4	39.03	84390.4	38.42
0.0	0.0	278.4	39.38	85128.9	39.03
0.0	0.0	277.4	39.22	84800.5	38.79
0.0	0.0	276.4	39.62	85652.3	39.05
0.0	0.0	275.3	39.95	86371.3	39.49
0.0	0.0	274.4	40.30	87117.9	39.77
0.0	0.0	273.3	40.26	87032.2	39.57
0.0	0.0	272.3	40.61	87787.4	40.29
0.0	0.0	271.3	40.69	87963.0	40.23
0.0	0.0	270.3	41.12	88897.6	40.68
0.0	0.0	269.3	41.08	88806.4	40.40
0.0	0.0	268.3	41.70	90160.2	41.08
0.0	0.0	267.3	41.62	89981.0	41.08
0.0	0.0	266.3	42.01	90818.6	41.46
0.0	0.0	265.3	42.01	90831.1	41.40
0.0	0.0	264.3	42.23	91300.8	41.75
0.0	0.0	263.3	42.47	91814.7	41.97
0.0	0.0	262.3	42.88	92697.1	42.32
0.0	0.0	261.3	42.90	92741.3	42.55
0.0	0.0	260.3	43.18	93352.9	42.27
0.0	0.0	259.2	43.69	94448.3	43.27
0.0	0.0	258.2	43.75	94582.0	43.17
0.0	0.0	257.2	44.12	95392.1	43.61
0.0	0.0	256.2	44.25	95667.7	43.57
0.0	0.0	255.2	44.58	96383.7	44.14
0.0	0.0	254.2	44.58	96371.4	43.96
0.0	0.0	253.2	45.10	97501.1	44.49
0.0	0.0	252.2	45.21	97730.4	44.64
0.0	0.0	251.2	45.11	97535.5	44.47
0.0	0.0	250.2	45.68	98756.0	44.94
0.0	0.0	249.2	45.86	99154.8	45.30
0.0	0.0	248.2	46.30	100090.8	45.76
0.0	0.0	247.2	46.35	100211.5	45.75
0.0	0.0	246.2	46.40	100305.5	46.06
0.0	0.0	245.2	46.87	101335.9	46.29
0.0	0.0	244.2	46.90	101385.4	46.15
0.0	0.0	243.2	47.47	102624.7	46.94
0.0	0.0	242.1	47.69	103098.6	46.87
0.0	0.0	241.1	47.81	103364.7	47.24
0.0	0.0	240.1	48.63	105135.1	47.86
0.0	0.0	239.1	48.06	103897.3	47.36
0.0	0.0	238.1	48.81	105518.7	48.10
0.0	0.0	237.1	48.76	105421.5	48.16
0.0	0.0	236.1	49.61	107253.6	49.20
0.0	0.0	235.1	49.36	106721.7	48.69
0.0	0.0	234.1	49.83	107723.8	49.35
0.0	0.0	233.1	50.20	108521.0	49.54
0.0	0.0	232.1	50.26	108660.6	49.51
0.0	0.0	231.1	50.85	109931.7	50.33
0.0	0.0	230.1	50.70	109610.0	49.66
0.0	0.0	229.0	51.23	110763.4	50.62
0.0	0.0	228.0	51.50	111343.2	50.47
0.0	0.0	227.0	51.54	111427.2	50.85
0.0	0.0	226.0	51.99	112394.9	51.20
0.0	0.0	225.0	52.14	112731.3	51.90
0.0	0.0	224.0	52.82	114195.3	51.88
0.0	0.0	223.0	52.76	114056.4	51.98
0.0	0.0	222.0	53.14	114892.4	52.60
0.0	0.0	221.0	53.30	115227.7	52.89
0.0	0.0	220.0	53.99	116727.5	52.95
0.0	0.0	219.0	53.88	116492.8	53.04
0.0	0.0	218.0	54.28	117341.7	53.45
0.0	0.0	217.0	54.74	118350.2	54.23
0.0	0.0	216.0	54.51	117845.4	53.67
0.0	0.0	214.9	55.28	119507.3	54.63
0.0	0.0	213.9	55.43	119840.6	54.83
0.0	0.0	212.9	55.90	120857.7	54.72
0.0	0.0	211.9	55.90	120857.8	54.87
0.0	0.0	210.9	56.38	121897.9	55.88
0.0	0.0	209.9	56.58	122314.5	55.82
0.0	0.0	208.9	57.18	123622.6	56.54
0.0	0.0	207.9	57.21	123676.2	56.60
0.0	0.0	206.9	57.80	124959.0	56.79
0.0	0.0	205.9	57.76	124868.5	57.08
0.0	0.0	204.9	58.09	125577.6	57.11
0.0	0.0	203.8	59.09	127759.5	58.38
0.0	0.0	202.8	58.62	126736.1	57.74
0.0	0.0	201.8	59.01	127585.7	58.70
0.0	0.0	200.8	59.49	128615.9	58.60
0.0	0.0	199.8	59.83	129340.5	58.97
0.0	0.0	198.8	60.10	129941.6	59.04
0.0	0.0	197.8	60.55	130906.2	59.69
0.0	0.0	196.8	60.65	131112.6	60.10
0.0	0.0	195.8	61.16	132220.5	60.83
0.0	0.0	194.8	61.61	133204.1	60.25
0.0	0.0	193.7	61.66	133298.2	61.10
0.0	0.0	192.7	62.02	134086.3	60.88
0.0	0.0	191.7	62.55	135220.0	61.81
0.0	0.0	190.7	62.63	135402.7	61.65
0.0	0.0	189.7	63.17	136570.6	62.32
0.0	0.0	188.7	63.81	137953.0	62.92
0.0	0.0	187.7	63.91	138179.1	63.27
0.0	0.0	186.7	63.98	138325.2	63.38
0.0	0.0	185.7	64.83	140164.6	63.83
0.0	0.0	184.7	64.95	140421.7	63.78
0.0	0.0	183.7	65.11	140770.1	64.44
0.0	0.0	182.7	65.86	142386.6	65.25
0.0	0.0	181.7	65.91	142504.0	64.86
0.0	0.0	180.7	66.05	142793.3	65.41
0.0	0.0	179.7	66.96	144770.4	66.17
0.0	0.0	178.6	67.32	145536.1	66.14
0.0	0.0	177.6	67.48	145887.3	66.64
0.0	0.0	176.6	67.83	146637.6	67.04
0.0	0.0	175.6	68.30	147668.3	67.02
0.0	0.0	174.6	68.85	148857.4	67.56
0.0	0.0	173.6	68.80	148737.4	67.52
0.0	0.0	172.6	69.45	150141.4	69.20
0.0	0.0	171.6	69.68	150639.4	68.24
0.0	0.0	170.6	69.91	151140.2	68.91
0.0	0.0	169.6	70.55	152527.2	69.86
0.0	0.0	168.6	70.58	152596.8	69.71
0.0	0.0	167.6	71.56	154708.5	70.42
0.0	0.0	166.6	71.75	155123.9	70.31
0.0	0.0	165.5	71.95	155547.4	71.02
0.0	0.0	164.5	72.29	156281.6	71.59
0.0	0.0	163.5	72.87	157542.8	71.77
0.0	0.0	162.6	73.32	158509.0	72.44
0.0	0.0	161.5	73.46	158811.3	72.56
0.0	0.0	160.5	74.23	160473.7	72.88
0.0	0.0	159.5	74.60	161288.6	73.49
0.0	0.0	158.5	75.09	162329.2	73.82
0.0	0.0	157.5	75.09	162350.3	74.17
0.0	0.0	156.5	75.57	163387.8	74.65
0.0	0.0	155.5	76.33	165021.9	75.11
0.0	0.0	154.5	76.13	164579.0	75.04
0.0	0.0	153.5	77.04	166546.9	76.03
0.0	0.0	152.4	77.31	167135.9	76.30
0.0	0.0	151.4	77.47	167476.8	76.26
0.0	0.0	150.4	78.18	169021.8	77.00
0.0	0.0	149.4	78.09	168828.1	76.76
0.0	0.0	148.4	78.90	170576.3	78.02
0.0	0.0	147.4	79.61	172109.8	78.86
0.0	0.0	146.4	79.78	172481.2	78.63
0.0	0.0	145.4	80.38	173766.3	79.25
0.0	0.0	144.4	80.53	174091.3	79.34
0.0	0.0	143.4	81.30	175765.8	79.85
0.0	0.0	142.4	81.29	175737.1	80.36
0.0	0.0	141.4	82.14	177587.2	80.94
0.0	0.0	140.4	82.41	178161.6	81.59
0.0	0.0	139.4	82.94	179318.2	81.85
0.0	0.0	138.4	83.23	179929.7	82.07
0.0	0.0	137.3	83.90	181383.0	82.90
0.0	0.0	136.3	84.46	182602.4	82.97
0.0	0.0	135.3	84.71	183147.8	83.58
0.0	0.0	134.3	85.10	183987.5	83.92
0.0	0.0	133.3	85.80	185504.8	84.61
0.0	0.0	132.3	85.92	185759.0	84.62
0.0	0.0	131.3	86.74	187525.3	85.49
0.0	0.0	130.3	86.69	187415.2	85.42
0.0	0.0	129.3	87.26	188661.4	86.13
0.0	0.0	128.3	87.97	190178.6	86.79
0.0	0.0	127.3	88.54	191427.7	86.85
0.0	0.0	126.3	89.04	192508.3	88.18
0.0	0.0	125.3	89.18	192808.7	87.91
0.0	0.0	124.3	89.79	194121.6	88.57
0.0	0.0	123.3	90.23	195063.0	88.99
0.0	0.0	122.2	90.63	195935.8	89.18
0.0	0.0	121.2	91.47	197744.1	90.01
0.0	0.0	120.2	91.65	198147.5	90.56
0.0	0.0	119.2	92.25	199437.9	90.73
0.0	0.0	118.2	92.71	200429.3	91.61
0.0	0.0	117.2	93.49	202125.7	92.23
0.0	0.0	116.1	94.21	203671.7	92.59
0.0	0.0	115.1	93.97	203158.4	92.42
0.0	0.0	114.2	94.74	204817.7	93.60
0.0	0.0	113.2	95.30	206029.7	93.88
0.0	0.0	112.1	95.76	207026.3	94.25
0.0	0.0	111.1	96.36	208324.4	95.59
0.0	0.0	110.1	96.54	208704.5	95.16
0.0	0.0	109.1	97.62	211044.1	95.87
0.0	0.0	108.1	97.71	211242.5	96.17
0.0	0.0	107.1	98.68	213343.7	96.90
0.0	0.0	106.1	99.06	214167.0	98.08
0.0	0.0	105.1	99.46	215027.3	97.82
0.0	0.0	104.1	100.35	216949.8	99.08
0.0	0.0	103.0	100.30	216848.6	98.19
0.0	0.0	102.0	101.15	218679.6	99.75
0.0	0.0	101.0	101.55	219553.2	99.81
0.0	0.0	100.0	102.40	221376.0	101.00
0.0	0.0	99.0	102.76	222165.3	101.47
0.0	0.0	98.0	103.42	223597.3	101.87
0.0	0.0	97.0	103.89	224605.1	102.46
0.0	0.0	96.0	104.24	225357.6	102.87
0.0	0.0	95.0	104.66	226269.8	102.94
0.0	0.0	94.0	105.52	228135.0	103.99
0.0	0.0	93.0	105.78	228698.5	104.06
0.0	0.0	92.0	107.04	231419.1	105.31
0.0	0.0	91.0	107.08	231491.2	105.75
0.0	0.0	89.9	107.36	232100.7	105.94
0.0	0.0	88.9	108.33	234199.5	106.65
0.0	0.0	87.9	108.56	234691.2	107.00
0.0	0.0	86.9	109.39	236491.2	107.94
0.0	0.0	85.9	109.97	237751.5	107.97
0.0	0.0	84.9	110.44	238762.7	108.85
0.0	0.0	83.9	110.88	239717.6	109.53
0.0	0.0	82.9	111.85	241810.3	110.25
0.0	0.0	81.9	112.14	242441.7	110.29
0.0	0.0	80.9	112.62	243470.0	110.52
0.0	0.0	79.9	112.99	244270.7	111.70
0.0	0.0	78.9	113.75	245922.7	111.83
0.0	0.0	77.9	114.22	246934.6	112.45
0.0	0.0	76.9	115.03	248682.1	113.42
0.0	0.0	75.9	115.91	250590.1	113.85
0.0	0.0	74.8	116.17	251143.2	114.86
0.0	0.0	73.8	116.38	251609.5	114.28
0.0	0.0	72.8	117.40	253821.2	115.19
0.0	0.0	71.8	117.96	255024.2	116.92
0.0	0.0	70.8	118.79	256825.2	116.64
0.0	0.0	69.8	118.88	257002.2	116.49
0.0	0.0	68.8	119.72	258828.4	118.91
0.0	0.0	67.8	120.42	260339.5	118.38
0.0	0.0	66.8	121.34	262333.5	119.24
0.0	0.0	65.8	121.25	262141.0	119.51
0.0	0.0	65.1	122.04	263834.2	120.27
0.0	0.0	64.4	122.35	264519.1	120.56
0.0	0.0	63.2	123.01	265938.8	120.95
0.0	0.0	62.2	123.64	267295.1	122.15
0.0	0.0	61.2	124.07	268232.1	121.91
0.0	0.0	60.2	124.89	270009.7	122.78
0.0	0.0	59.2	125.23	270749.7	123.55
0.0	0.0	58.2	126.28	273019.2	124.64
0.0	0.0	57.2	126.49	273468.4	124.80
0.0	0.0	56.2	127.40	275425.0	125.66
0.0	0.0	55.2	127.96	276651.8	125.99
0.0	0.0	54.2	128.67	278179.3	126.67
0.0	0.0	53.2	129.33	279610.1	127.48
0.0	0.0	52.2	129.68	280360.2	127.81
0.0	0.0	51.2	130.23	281552.8	127.95
0.0	0.0	50.1	131.19	283616.5	129.05
0.0	0.0	49.2	131.67	284661.4	129.43
0.0	0.0	48.1	132.18	285759.4	130.58
0.0	0.0	47.1	132.78	287053.7	130.15
0.0	0.0	46.1	133.39	288370.2	132.65
0.0	0.0	45.1	134.41	290594.0	131.77
0.0	0.0	44.1	135.19	292274.3	132.98
0.0	0.0	43.1	135.60	293158.4	133.15
0.0	0.0	42.1	136.14	294329.5	134.39
0.0	0.0	41.1	136.71	295553.0	134.36
0.0	0.0	40.1	137.42	297088.9	135.09
0.0	0.0	39.1	138.26	298905.2	136.54
0.0	0.0	38.1	138.58	299608.2	135.84
0.0	0.0	37.1	139.08	300678.2	136.47
0.0	0.0	36.1	140.08	302841.1	138.12
0.0	0.0	35.1	140.58	303927.4	138.77
0.0	0.0	34.1	141.17	305202.5	138.69
0.0	0.0	33.1	141.84	306641.7	139.85
0.0	0.0	32.0	142.83	308779.7	140.18
0.0	0.0	31.1	143.17	309525.2	140.72
0.0	0.0	30.0	143.66	310585.4	141.54
0.0	0.0	29.0	144.60	312613.1	141.99
0.0	0.0	28.0	144.96	313387.9	142.99
0.0	0.0	27.0	145.63	314833.3	142.97
0.0	0.0	26.0	146.38	316454.5	143.84
0.0	0.0	25.0	146.90	317584.3	144.77
0.0	0.0	24.1	147.56	319009.8	145.20
0.0	0.0	23.2	147.91	319770.3	145.46
0.0	0.0	22.2	148.64	321358.0	146.33
0.0	0.0	21.2	149.21	322590.2	146.59
0.0	0.0	20.2	149.68	323594.7	147.11
0.0	0.0	19.2	150.06	324419.0	147.74
0.0	0.0	18.2	150.47	325303.5	147.85
0.0	0.0	17.1	150.39	325135.7	147.90
0.0	0.0	16.1	150.78	325972.9	148.20
0.0	0.0	15.1	150.54	325460.6	148.20
0.0	0.0	14.1	150.23	324780.1	147.34
0.0	0.0	13.1	149.61	323454.5	147.36
0.0	0.0	12.1	148.60	321272.2	145.84
0.0	0.0	11.1	147.00	317813.6	144.75
0.0	0.0	10.1	145.11	313722.0	142.34
0.0	0.0	9.1	142.19	307400.9	139.91
0.0	0.0	8.1	138.61	299669.1	136.20
0.0	0.0	7.1	133.77	289203.3	131.72
0.0	0.0	6.1	127.01	274591.6	124.71
0.0	0.0	5.1	118.99	257244.8	116.91
0.0	0.0	4.1	106.38	229982.0	104.58
0.0	0.0	3.1	93.18	201448.5	91.56
0.0	0.0	2.1	80.34	173684.6	78.89
0.0	0.0	1.1	73.85	159665.7	72.62
0.0	0.0	-0.5	68.15	147341.4	67.01

