08-08-17 15:31:02

Radiation device:	U04 Accelerator
Energy:	6 MV
Controller:	CCU
Measurement device:	NWP484841
Field detector:	Thimble
Reference detector:	Thimble
SAD:	1000 mm
SSD:	1000 mm
Field size:	400 x 400 mm
Gantry angle:	0
Measurement medium:	Water
Scan type:	DiagonalMmPp
Scan mode:	Continuous

Points [mm]:
Inline	Crossline	Depth	Normalized field	Current field	Ratio
-240.9	-240.7	50.0	2.5	7070	3.1
-240.4	-240.5	50.0	3.0	8335	3.6
-239.8	-240.0	50.0	3.0	8290	3.6
-239.4	-239.6	50.0	3.1	8659	3.8
-239.1	-239.2	50.0	3.1	8696	3.8
-238.8	-238.9	50.0	3.2	9056	4.0
-238.5	-238.5	50.0	3.2	8985	3.9
-238.2	-238.2	50.0	3.2	9094	4.0
-237.8	-237.9	50.0	3.3	9143	4.0
-237.4	-237.5	50.0	3.3	9137	4.0
-237.1	-237.1	50.0	3.3	9352	4.1
-236.7	-236.8	50.0	3.4	9592	4.2
-236.4	-236.4	50.0	3.3	9381	4.1
-236.0	-236.0	50.0	3.4	9594	4.2
-235.7	-235.7	50.0	3.5	9795	4.3
-235.3	-235.3	50.0	3.5	9858	4.3
-234.9	-235.0	50.0	3.5	9844	4.3
-234.6	-234.6	50.0	3.6	10011	4.4
-234.2	-234.3	50.0	3.6	10227	4.5
-233.9	-233.9	50.0	3.6	10252	4.5
-233.6	-233.5	50.0	3.7	10359	4.5
-233.2	-233.2	50.0	3.8	10570	4.6
-232.8	-232.8	50.0	3.8	10540	4.6
-232.5	-232.5	50.0	3.8	10718	4.7
-232.1	-232.1	50.0	3.8	10620	4.7
-231.7	-231.8	50.0	3.9	10837	4.7
-231.4	-231.4	50.0	3.8	10773	4.7
-231.0	-231.1	50.0	3.9	11044	4.8
-230.7	-230.7	50.0	3.9	11062	4.8
-230.3	-230.3	50.0	4.0	11235	4.9
-230.0	-230.0	50.0	4.0	11242	4.9
-229.6	-229.6	50.0	4.1	11517	5.0
-229.2	-229.3	50.0	4.1	11573	5.1
-228.9	-228.9	50.0	4.2	11818	5.2
-228.5	-228.6	50.0	4.2	11673	5.1
-228.2	-228.2	50.0	4.2	11814	5.2
-227.8	-227.8	50.0	4.3	11942	5.2
-227.5	-227.5	50.0	4.3	12022	5.2
-227.2	-227.2	50.0	4.3	12158	5.3
-226.8	-226.8	50.0	4.4	12434	5.4
-226.4	-226.4	50.0	4.4	12498	5.5
-226.1	-226.1	50.0	4.5	12598	5.5
-225.7	-225.7	50.0	4.5	12749	5.6
-225.3	-225.4	50.0	4.6	12796	5.6
-225.0	-225.0	50.0	4.6	12921	5.6
-224.6	-224.6	50.0	4.7	13069	5.7
-224.3	-224.3	50.0	4.7	13257	5.8
-223.9	-223.9	50.0	4.8	13367	5.8
-223.6	-223.6	50.0	4.8	13490	5.9
-223.2	-223.2	50.0	4.8	13593	5.9
-222.8	-222.9	50.0	4.8	13581	5.9
-222.5	-222.5	50.0	4.9	13702	6.0
-222.1	-222.1	50.0	4.9	13867	6.0
-221.7	-221.8	50.0	5.1	14322	6.3
-221.4	-221.4	50.0	5.1	14270	6.2
-221.1	-221.1	50.0	5.1	14383	6.3
-220.7	-220.7	50.0	5.2	14741	6.4
-220.3	-220.4	50.0	5.2	14660	6.4
-220.0	-220.0	50.0	5.3	14847	6.5
-219.6	-219.6	50.0	5.4	15084	6.6
-219.3	-219.3	50.0	5.5	15470	6.7
-218.9	-218.9	50.0	5.5	15508	6.7
-218.5	-218.6	50.0	5.5	15494	6.8
-218.2	-218.2	50.0	5.6	15607	6.8
-217.8	-217.9	50.0	5.6	15799	6.9
-217.5	-217.5	50.0	5.7	15956	6.9
-217.1	-217.1	50.0	5.7	15921	6.9
-216.8	-216.8	50.0	5.8	16331	7.1
-216.4	-216.4	50.0	5.8	16338	7.1
-216.0	-216.1	50.0	5.9	16448	7.2
-215.7	-215.7	50.0	5.9	16647	7.3
-215.3	-215.3	50.0	6.0	16734	7.3
-215.0	-215.0	50.0	6.0	16905	7.4
-214.6	-214.6	50.0	6.1	17159	7.5
-214.3	-214.3	50.0	6.2	17392	7.6
-213.9	-213.9	50.0	6.3	17576	7.7
-213.5	-213.6	50.0	6.3	17683	7.7
-213.2	-213.2	50.0	6.4	18074	7.9
-212.8	-212.9	50.0	6.4	17980	7.8
-212.5	-212.5	50.0	6.5	18285	20.0
-212.1	-212.1	50.0	6.6	18478	20.0
-211.7	-211.8	50.0	6.6	18554	20.0
-211.4	-211.4	50.0	6.7	18840	8.2
-211.0	-211.1	50.0	6.8	19029	8.3
-210.7	-210.7	50.0	6.7	18941	8.3
-210.3	-210.4	50.0	6.9	19292	8.4
-210.0	-210.0	50.0	7.0	19754	8.6
-209.6	-209.6	50.0	7.0	19659	8.6
-209.3	-209.3	50.0	7.1	19999	8.7
-208.9	-208.9	50.0	7.3	20379	8.9
-208.6	-208.6	50.0	7.3	20486	8.9
-208.2	-208.2	50.0	7.4	20771	9.0
-207.8	-207.9	50.0	7.5	20943	9.1
-207.5	-207.5	50.0	7.5	21090	9.2
-207.1	-207.2	50.0	7.6	21245	9.2
-206.8	-206.8	50.0	7.7	21617	9.4
-206.4	-206.4	50.0	7.7	21685	9.4
-206.1	-206.0	50.0	7.9	22285	9.7
-205.7	-205.7	50.0	8.0	22401	9.7
-205.4	-205.3	50.0	8.1	22724	9.9
-205.0	-205.0	50.0	8.2	22989	10.0
-204.6	-204.6	50.0	8.3	23306	10.1
-204.3	-204.3	50.0	8.4	23576	10.3
-203.9	-203.9	50.0	8.6	24061	10.5
-203.5	-203.5	50.0	8.7	24445	10.7
-203.2	-203.2	50.0	8.8	24713	10.7
-202.9	-202.8	50.0	8.9	25081	10.9
-202.5	-202.5	50.0	9.0	25274	11.0
-202.1	-202.1	50.0	9.1	25681	11.2
-201.8	-201.8	50.0	9.3	26050	11.3
-201.4	-201.4	50.0	9.4	26324	11.5
-201.0	-201.1	50.0	9.6	26842	11.7
-200.7	-200.7	50.0	9.7	27278	11.9
-200.3	-200.4	50.0	9.9	27706	12.1
-200.0	-200.0	50.0	10.0	28150	12.2
-199.6	-199.7	50.0	10.3	28807	12.5
-199.3	-199.3	50.0	10.4	29089	12.6
-198.9	-198.9	50.0	10.6	29707	12.9
-198.5	-198.6	50.0	10.8	30454	13.3
-198.2	-198.2	50.0	11.1	31093	13.5
-197.8	-197.9	50.0	11.3	31712	13.8
-197.5	-197.5	50.0	11.6	32629	14.2
-197.1	-197.1	50.0	11.9	33354	14.5
-196.8	-196.8	50.0	12.2	34192	14.9
-196.4	-196.5	50.0	12.6	35503	15.4
-196.0	-196.1	50.0	13.1	36779	16.0
-195.7	-195.7	50.0	13.5	37925	16.5
-195.3	-195.4	50.0	14.1	39603	17.2
-195.0	-195.0	50.0	14.7	41200	17.9
-194.6	-194.7	50.0	15.5	43564	18.9
-194.3	-194.3	50.0	16.3	45877	20.0
-193.9	-193.9	50.0	17.5	49059	21.3
-193.6	-193.6	50.0	18.6	52244	22.7
-193.2	-193.2	50.0	20.0	56257	24.4
-192.9	-192.9	50.0	21.7	60871	26.5
-192.5	-192.5	50.0	23.2	65255	28.4
-192.1	-192.2	50.0	25.2	70860	30.8
-191.8	-191.8	50.0	27.6	77411	33.7
-191.4	-191.4	50.0	29.9	84025	36.5
-191.1	-191.1	50.0	32.4	91065	39.6
-190.7	-190.7	50.0	35.0	98360	42.8
-190.4	-190.4	50.0	38.1	107141	46.5
-190.0	-190.0	50.0	40.7	114276	49.6
-189.6	-189.7	50.0	44.1	123786	53.8
-189.3	-189.3	50.0	46.8	131348	57.1
-189.0	-188.9	50.0	50.1	140714	61.1
-188.6	-188.6	50.0	53.1	149260	64.9
-188.2	-188.2	50.0	55.4	155535	67.6
-187.9	-187.8	50.0	58.2	163426	71.1
-187.5	-187.5	50.0	60.5	169856	73.7
-187.2	-187.1	50.0	62.8	176528	76.7
-186.8	-186.8	50.0	64.7	181745	78.9
-186.4	-186.4	50.0	66.3	186403	81.0
-186.1	-186.1	50.0	67.9	190716	82.9
-185.7	-185.7	50.0	69.0	193960	84.2
-185.4	-185.4	50.0	70.2	197257	85.6
-185.0	-185.0	50.0	71.2	200152	87.0
-184.7	-184.6	50.0	72.3	203091	88.2
-184.3	-184.3	50.0	73.4	206084	89.5
-183.9	-183.9	50.0	74.3	208681	90.7
-183.6	-183.6	50.0	75.3	211441	91.8
-183.2	-183.2	50.0	75.9	213240	92.6
-182.9	-182.9	50.0	77.0	216436	94.0
-182.5	-182.5	50.0	77.8	218458	94.8
-182.1	-182.2	50.0	78.7	220972	95.9
-181.8	-181.8	50.0	79.6	223504	97.0
-181.4	-181.5	50.0	80.3	225547	97.9
-181.1	-181.1	50.0	81.2	228186	99.0
-180.7	-180.8	50.0	82.0	230251	99.9
-180.4	-180.4	50.0	82.9	233000	101.2
-180.0	-180.0	50.0	83.7	235060	102.1
-179.6	-179.7	50.0	84.8	238337	103.5
-179.3	-179.3	50.0	85.7	240741	104.6
-178.9	-179.0	50.0	86.4	242650	105.4
-178.6	-178.6	50.0	87.3	245216	106.5
-178.3	-178.2	50.0	88.2	247898	107.5
-177.9	-177.9	50.0	89.2	250464	108.7
-177.5	-177.5	50.0	89.9	252434	109.6
-177.2	-177.1	50.0	90.8	255099	110.6
-176.8	-176.8	50.0	91.9	258044	111.9
-176.5	-176.4	50.0	92.6	260262	113.0
-176.1	-176.1	50.0	93.4	262355	113.9
-175.6	-175.6	50.0	94.6	265739	115.4
-175.1	-175.0	50.0	95.8	269042	116.8
-174.5	-174.5	50.0	96.5	271111	117.7
-174.1	-174.0	50.0	97.2	273178	118.8
-173.7	-173.6	50.0	98.5	276612	120.2
-173.3	-173.1	50.0	99.4	279335	121.4
-172.8	-172.7	50.0	100.2	281578	122.4
-172.5	-172.1	50.0	101.1	283942	123.3
-172.0	-171.5	50.0	101.3	284494	123.3
-171.3	-171.0	50.0	101.7	285707	124.1
-170.8	-170.6	50.0	102.0	286462	124.3
-170.6	-170.5	50.0	102.1	286931	124.5
-170.5	-170.2	50.0	102.7	288450	125.3
-170.2	-169.9	50.0	103.1	289738	125.7
-169.8	-169.5	50.0	103.7	291278	126.2
-169.4	-169.2	50.0	104.0	292246	126.9
-169.0	-168.8	50.0	104.6	293762	127.3
-168.6	-168.4	50.0	105.0	295072	128.2
-168.2	-168.1	50.0	105.1	295339	128.3
-167.9	-167.7	50.0	105.4	295982	128.2
-167.4	-167.3	50.0	105.7	296945	128.8
-167.0	-167.0	50.0	105.9	297436	129.2
-166.6	-166.6	50.0	105.9	297529	129.4
-166.1	-166.3	50.0	106.2	298293	129.4
-165.7	-166.0	50.0	106.3	298668	129.7
-165.3	-165.6	50.0	106.7	299715	129.9
-164.9	-165.3	50.0	106.7	299752	130.0
-164.6	-165.0	50.0	107.2	301056	130.6
-164.2	-164.6	50.0	107.3	301517	130.8
-163.9	-164.3	50.0	107.6	302402	131.0
-163.5	-163.9	50.0	107.6	302292	131.1
-163.2	-163.5	50.0	107.8	302743	131.3
-162.8	-163.2	50.0	107.9	303091	131.6
-162.5	-162.8	50.0	108.3	304153	131.8
-162.1	-162.4	50.0	108.0	303326	131.5
-161.8	-162.1	50.0	108.1	303834	131.5
-161.5	-161.7	50.0	108.2	303979	132.0
-161.1	-161.3	50.0	108.3	304159	132.0
-160.8	-161.0	50.0	108.5	304894	132.5
-160.4	-160.6	50.0	108.5	304860	132.4
-160.1	-160.2	50.0	108.7	305422	132.7
-159.7	-159.9	50.0	108.7	305271	132.5
-159.3	-159.5	50.0	108.6	305088	132.2
-159.0	-159.1	50.0	109.2	306722	133.1
-158.6	-158.8	50.0	108.9	305898	132.8
-158.3	-158.4	50.0	108.5	304901	132.4
-157.9	-158.0	50.0	108.3	304193	132.1
-157.6	-157.7	50.0	108.6	305050	132.0
-157.2	-157.3	50.0	108.5	304833	132.2
-156.8	-156.9	50.0	108.7	305341	132.5
-156.5	-156.5	50.0	108.9	305977	132.6
-156.1	-156.2	50.0	108.5	304871	132.2
-155.9	-155.8	50.0	108.5	304883	132.3
-155.6	-155.4	50.0	108.3	304285	132.1
-155.3	-155.0	50.0	108.5	304820	132.6
-154.9	-154.6	50.0	108.6	305224	132.6
-154.5	-154.2	50.0	108.9	305886	132.6
-154.1	-153.9	50.0	108.7	305279	132.5
-153.8	-153.5	50.0	108.7	305449	132.8
-153.4	-153.1	50.0	108.9	305838	132.7
-153.1	-152.8	50.0	108.7	305306	132.6
-152.7	-152.4	50.0	108.6	305140	132.3
-152.3	-152.0	50.0	108.8	305557	132.3
-151.9	-151.7	50.0	108.6	305213	132.1
-151.5	-151.3	50.0	108.6	305207	132.3
-151.1	-151.0	50.0	108.5	304811	132.4
-150.7	-150.6	50.0	108.9	305921	132.7
-150.4	-150.2	50.0	108.7	305491	132.4
-150.0	-149.8	50.0	108.9	305853	132.5
-149.6	-149.5	50.0	108.8	305698	132.6
-149.2	-149.1	50.0	108.7	305493	132.6
-148.8	-148.7	50.0	109.0	306271	132.7
-148.4	-148.4	50.0	108.9	305952	132.7
-148.0	-148.0	50.0	108.8	305573	132.7
-147.6	-147.6	50.0	108.9	305826	132.9
-147.3	-147.3	50.0	108.9	305984	132.7
-146.9	-146.9	50.0	109.0	306197	132.8
-146.5	-146.5	50.0	109.1	306540	133.0
-146.1	-146.1	50.0	108.9	305894	132.8
-145.7	-145.8	50.0	108.9	305880	132.8
-145.3	-145.5	50.0	109.3	306927	133.1
-144.9	-145.1	50.0	109.3	307094	133.4
-144.6	-144.7	50.0	109.2	306862	133.1
-144.2	-144.4	50.0	109.2	306751	133.1
-143.9	-144.0	50.0	109.2	306870	133.3
-143.5	-143.6	50.0	109.4	307361	133.7
-143.2	-143.3	50.0	109.2	306917	133.3
-142.8	-142.9	50.0	109.6	307778	133.5
-142.5	-142.5	50.0	109.5	307609	133.3
-142.1	-142.2	50.0	109.2	306791	133.2
-141.7	-141.8	50.0	109.5	307670	133.5
-141.4	-141.4	50.0	109.2	306677	133.4
-141.1	-141.1	50.0	109.4	307308	133.4
-140.7	-140.7	50.0	109.5	307646	133.6
-140.3	-140.3	50.0	109.4	307290	133.7
-140.0	-140.0	50.0	109.3	307150	133.4
-139.6	-139.6	50.0	109.4	307348	133.3
-139.3	-139.2	50.0	109.3	307184	133.4
-138.9	-138.9	50.0	109.5	307733	133.6
-138.5	-138.5	50.0	109.6	307929	133.5
-138.2	-138.1	50.0	109.1	306539	132.9
-137.8	-137.8	50.0	109.1	306598	133.2
-137.4	-137.4	50.0	109.3	307178	133.2
-137.1	-137.0	50.0	109.3	307153	133.1
-136.7	-136.6	50.0	109.1	306549	133.1
-136.3	-136.3	50.0	109.6	307908	133.3
-136.0	-135.9	50.0	109.1	306625	132.8
-135.6	-135.6	50.0	109.1	306468	132.9
-135.3	-135.3	50.0	109.1	306565	133.2
-134.9	-134.9	50.0	109.1	306427	132.9
-134.5	-134.5	50.0	109.2	306689	132.7
-134.1	-134.1	50.0	109.0	306109	132.6
-133.8	-133.8	50.0	109.2	306871	133.0
-133.4	-133.4	50.0	109.0	306177	132.8
-133.0	-133.0	50.0	109.2	306718	132.9
-132.7	-132.7	50.0	108.9	306079	132.8
-132.3	-132.3	50.0	108.8	305665	132.7
-131.9	-131.9	50.0	108.8	305663	132.8
-131.6	-131.6	50.0	109.0	306152	133.1
-131.2	-131.2	50.0	109.0	306292	133.1
-130.8	-130.8	50.0	109.4	307376	133.3
-130.4	-130.4	50.0	109.3	307029	132.9
-130.1	-130.1	50.0	109.2	306810	132.9
-129.7	-129.7	50.0	109.4	307428	133.1
-129.3	-129.3	50.0	109.1	306552	132.7
-129.0	-129.0	50.0	109.3	306950	132.7
-128.6	-128.6	50.0	109.2	306671	133.2
-128.2	-128.2	50.0	109.2	306801	133.1
-127.9	-127.9	50.0	109.7	308241	133.5
-127.5	-127.5	50.0	109.6	307986	133.3
-127.1	-127.1	50.0	109.5	307609	133.2
-126.7	-126.7	50.0	109.4	307300	132.9
-126.4	-126.4	50.0	109.6	307816	133.3
-126.0	-126.0	50.0	109.3	307050	133.3
-125.6	-125.6	50.0	109.1	306643	133.0
-125.3	-125.3	50.0	109.0	306337	132.9
-124.9	-124.9	50.0	109.1	306566	132.8
-124.5	-124.5	50.0	108.8	305624	132.5
-124.2	-124.2	50.0	109.1	306398	132.9
-123.8	-123.8	50.0	109.0	306321	133.0
-123.4	-123.4	50.0	109.0	306364	133.0
-123.1	-123.1	50.0	108.8	305535	132.7
-122.7	-122.7	50.0	108.9	305939	132.8
-122.3	-122.3	50.0	108.9	305916	133.0
-121.9	-122.0	50.0	109.1	306614	133.2
-121.6	-121.6	50.0	109.3	307084	133.2
-121.2	-121.2	50.0	109.2	306855	133.1
-120.9	-120.9	50.0	109.3	307190	133.1
-120.5	-120.5	50.0	109.2	306663	133.1
-120.1	-120.2	50.0	109.4	307426	133.2
-119.8	-119.8	50.0	109.3	307145	133.3
-119.4	-119.4	50.0	109.1	306606	133.2
-119.0	-119.0	50.0	109.1	306460	133.3
-118.7	-118.7	50.0	109.2	306668	133.3
-118.3	-118.3	50.0	109.5	307702	133.5
-117.9	-117.9	50.0	109.5	307597	133.3
-117.6	-117.6	50.0	109.5	307747	133.4
-117.2	-117.2	50.0	109.5	307730	133.3
-116.8	-116.8	50.0	109.4	307320	133.3
-116.5	-116.5	50.0	109.4	307346	133.2
-116.1	-116.1	50.0	109.7	308078	133.5
-115.7	-115.7	50.0	109.4	307450	133.3
-115.3	-115.3	50.0	109.7	308061	133.5
-115.0	-115.0	50.0	109.6	307921	133.3
-114.6	-114.6	50.0	109.7	308066	133.5
-114.3	-114.3	50.0	109.7	308277	133.6
-113.9	-113.9	50.0	109.9	308750	133.7
-113.5	-113.5	50.0	110.0	308971	133.9
-113.1	-113.1	50.0	109.8	308409	133.4
-112.8	-112.8	50.0	109.5	307509	133.2
-112.4	-112.4	50.0	109.4	307240	133.2
-112.0	-112.0	50.0	109.6	307975	133.6
-111.7	-111.7	50.0	109.8	308359	133.6
-111.3	-111.3	50.0	109.5	307695	133.6
-110.9	-110.9	50.0	109.7	308195	133.9
-110.6	-110.5	50.0	109.8	308526	133.6
-110.2	-110.2	50.0	109.6	307871	133.3
-109.8	-109.8	50.0	109.6	307863	133.4
-109.5	-109.4	50.0	109.4	307314	133.5
-109.1	-109.1	50.0	109.2	306911	133.8
-108.7	-108.7	50.0	109.5	307551	133.5
-108.4	-108.3	50.0	109.3	307081	133.3
-108.0	-108.0	50.0	109.6	307927	133.3
-107.6	-107.6	50.0	109.6	307788	133.5
-107.3	-107.2	50.0	109.6	307879	133.3
-106.9	-106.9	50.0	109.4	307484	133.2
-106.5	-106.5	50.0	109.2	306836	133.3
-106.2	-106.1	50.0	109.4	307387	133.3
-105.8	-105.8	50.0	109.5	307648	133.2
-105.4	-105.4	50.0	109.3	307203	133.1
-105.1	-105.0	50.0	109.5	307538	133.2
-104.7	-104.7	50.0	109.4	307411	133.2
-104.3	-104.3	50.0	109.3	307071	133.2
-104.0	-103.9	50.0	109.3	307124	133.2
-103.6	-103.6	50.0	109.4	307330	133.4
-103.2	-103.2	50.0	109.3	307093	133.2
-102.9	-102.8	50.0	109.5	307661	133.3
-102.5	-102.5	50.0	109.3	307047	133.1
-102.1	-102.1	50.0	109.0	306167	132.8
-101.8	-101.7	50.0	108.6	305068	132.3
-101.4	-101.4	50.0	109.0	306129	132.9
-101.0	-101.0	50.0	109.3	306943	133.1
-100.7	-100.6	50.0	109.0	306095	132.4
-100.3	-100.3	50.0	109.0	306105	132.6
-99.9	-99.9	50.0	109.1	306508	132.8
-99.6	-99.5	50.0	109.0	306325	132.6
-99.2	-99.2	50.0	109.0	306253	132.6
-98.8	-98.8	50.0	109.1	306609	132.7
-98.5	-98.4	50.0	109.1	306394	132.7
-98.1	-98.1	50.0	109.2	306762	132.9
-97.7	-97.7	50.0	108.9	305989	132.5
-97.3	-97.3	50.0	108.4	304480	132.2
-97.0	-96.9	50.0	108.7	305395	132.5
-96.6	-96.6	50.0	108.8	305786	132.4
-96.2	-96.2	50.0	108.9	306016	132.5
-95.9	-95.8	50.0	108.8	305705	132.2
-95.5	-95.5	50.0	108.9	305942	132.4
-95.1	-95.1	50.0	108.7	305453	132.3
-94.8	-94.7	50.0	108.7	305301	132.5
-94.4	-94.3	50.0	108.5	304914	132.0
-94.0	-94.0	50.0	108.9	305823	132.5
-93.7	-93.6	50.0	108.8	305792	132.5
-93.3	-93.3	50.0	108.6	304964	132.1
-93.0	-92.9	50.0	108.4	304577	132.1
-92.6	-92.5	50.0	108.4	304563	132.2
-92.2	-92.2	50.0	108.5	304732	132.0
-91.8	-91.8	50.0	108.5	304684	132.2
-91.5	-91.4	50.0	108.7	305391	132.2
-91.1	-91.1	50.0	108.8	305731	132.5
-90.7	-90.7	50.0	108.8	305620	132.4
-90.4	-90.3	50.0	108.6	305078	132.4
-90.0	-90.0	50.0	108.2	304082	131.7
-89.6	-89.6	50.0	108.5	304899	132.0
-89.3	-89.2	50.0	108.6	305061	132.1
-88.9	-88.9	50.0	108.2	304073	131.9
-88.5	-88.5	50.0	108.2	304028	131.6
-88.2	-88.1	50.0	108.3	304271	131.9
-87.8	-87.8	50.0	108.4	304427	132.0
-87.4	-87.4	50.0	108.3	304253	132.0
-87.1	-87.0	50.0	108.7	305294	132.1
-86.7	-86.7	50.0	108.5	304788	131.9
-86.3	-86.3	50.0	108.3	304185	132.1
-85.9	-85.9	50.0	108.2	304106	131.8
-85.6	-85.6	50.0	108.3	304153	131.8
-85.2	-85.2	50.0	108.4	304634	132.1
-84.8	-84.8	50.0	107.9	303072	131.6
-84.5	-84.5	50.0	108.0	303525	131.6
-84.1	-84.1	50.0	108.4	304438	131.9
-83.7	-83.7	50.0	108.1	303758	131.6
-83.4	-83.4	50.0	108.2	303862	131.7
-83.0	-83.0	50.0	108.2	304117	131.7
-82.6	-82.6	50.0	108.1	303743	131.5
-82.2	-82.2	50.0	108.2	304042	131.8
-81.9	-81.9	50.0	107.9	303201	131.4
-81.5	-81.5	50.0	107.6	302418	131.3
-81.1	-81.2	50.0	107.7	302674	131.6
-80.8	-80.8	50.0	107.8	302813	131.6
-80.4	-80.4	50.0	107.9	303255	131.2
-80.1	-80.0	50.0	108.3	304373	131.7
-79.7	-79.7	50.0	108.1	303732	131.6
-79.3	-79.3	50.0	108.1	303714	131.3
-79.0	-79.0	50.0	108.1	303615	131.6
-78.6	-78.6	50.0	108.1	303636	131.7
-78.2	-78.2	50.0	108.4	304460	132.0
-77.9	-77.9	50.0	108.0	303522	131.6
-77.5	-77.5	50.0	108.0	303536	131.4
-77.1	-77.1	50.0	108.1	303718	131.7
-76.8	-76.8	50.0	108.5	304876	132.3
-76.4	-76.4	50.0	108.2	303922	131.6
-76.0	-76.0	50.0	108.0	303533	131.5
-75.7	-75.7	50.0	107.8	302813	131.3
-75.3	-75.3	50.0	107.9	303198	131.4
-74.9	-74.9	50.0	108.0	303291	131.3
-74.6	-74.6	50.0	108.0	303469	131.3
-74.2	-74.2	50.0	108.0	303448	131.6
-73.8	-73.8	50.0	108.1	303602	131.5
-73.4	-73.4	50.0	108.4	304595	131.9
-73.1	-73.1	50.0	108.2	303989	131.8
-72.7	-72.7	50.0	108.0	303553	131.6
-72.3	-72.3	50.0	108.0	303535	131.7
-72.0	-72.0	50.0	108.3	304280	131.7
-71.6	-71.6	50.0	108.3	304296	131.9
-71.2	-71.2	50.0	108.0	303389	131.6
-70.9	-70.8	50.0	108.0	303331	131.5
-70.5	-70.5	50.0	108.0	303374	131.4
-70.1	-70.1	50.0	108.0	303468	131.8
-69.8	-69.8	50.0	108.2	303977	131.9
-69.4	-69.4	50.0	108.3	304222	131.8
-69.0	-69.0	50.0	107.8	302966	131.5
-68.7	-68.6	50.0	108.0	303355	131.4
-68.3	-68.3	50.0	108.1	303804	131.8
-67.9	-67.9	50.0	108.1	303584	131.5
-67.5	-67.5	50.0	108.4	304425	131.8
-67.2	-67.2	50.0	108.2	304064	131.9
-66.8	-66.8	50.0	108.1	303803	131.8
-66.4	-66.4	50.0	108.1	303832	131.7
-66.0	-66.1	50.0	108.0	303286	131.5
-65.7	-65.7	50.0	107.9	303207	131.3
-65.3	-65.3	50.0	108.3	304318	131.8
-64.9	-65.0	50.0	108.5	304856	131.9
-64.6	-64.6	50.0	108.4	304452	131.8
-64.2	-64.2	50.0	108.2	304028	131.9
-63.9	-63.9	50.0	108.2	303923	132.1
-63.5	-63.5	50.0	108.1	303583	131.9
-63.1	-63.1	50.0	108.2	303845	131.7
-62.8	-62.8	50.0	108.3	304212	131.6
-62.4	-62.4	50.0	108.4	304532	131.9
-62.0	-62.0	50.0	108.1	303826	131.7
-61.6	-61.7	50.0	108.2	303894	131.6
-61.3	-61.3	50.0	108.0	303392	131.9
-60.9	-60.9	50.0	108.4	304426	131.7
-60.5	-60.6	50.0	108.5	304761	132.0
-60.2	-60.2	50.0	108.4	304426	132.1
-59.8	-59.8	50.0	108.7	305354	132.3
-59.4	-59.5	50.0	108.5	304811	132.2
-59.0	-59.1	50.0	108.5	304737	132.0
-58.7	-58.7	50.0	108.4	304609	132.1
-58.3	-58.4	50.0	108.3	304233	132.1
-58.0	-58.0	50.0	108.1	303823	131.8
-57.6	-57.6	50.0	108.3	304215	131.9
-57.2	-57.3	50.0	108.5	304957	132.0
-56.9	-56.9	50.0	108.3	304306	131.7
-56.5	-56.5	50.0	108.3	304398	131.7
-56.2	-56.2	50.0	108.3	304237	131.7
-55.8	-55.8	50.0	108.3	304119	131.7
-55.4	-55.4	50.0	108.1	303634	131.7
-55.1	-55.0	50.0	108.2	303960	131.8
-54.7	-54.7	50.0	108.3	304160	131.8
-54.3	-54.3	50.0	108.3	304263	132.0
-54.0	-54.0	50.0	108.2	304025	131.8
-53.6	-53.6	50.0	108.5	304703	132.0
-53.2	-53.2	50.0	108.2	304022	131.8
-52.8	-52.9	50.0	108.4	304579	131.9
-52.5	-52.5	50.0	108.4	304524	131.9
-52.1	-52.1	50.0	108.3	304185	132.0
-51.7	-51.8	50.0	108.4	304592	131.7
-51.4	-51.4	50.0	108.4	304559	132.0
-51.0	-51.0	50.0	108.6	304962	132.0
-50.6	-50.6	50.0	108.5	304799	132.1
-50.3	-50.3	50.0	108.4	304651	132.0
-49.9	-49.9	50.0	108.5	304854	132.1
-49.5	-49.5	50.0	108.3	304397	132.0
-49.1	-49.2	50.0	108.5	304873	131.9
-48.8	-48.8	50.0	108.4	304420	131.7
-48.4	-48.4	50.0	108.4	304420	132.0
-48.1	-48.1	50.0	108.5	304843	132.2
-47.7	-47.7	50.0	108.7	305505	132.4
-47.3	-47.3	50.0	108.6	305014	132.0
-47.0	-47.0	50.0	108.5	304896	131.9
-46.6	-46.6	50.0	108.6	305228	132.2
-46.2	-46.2	50.0	108.6	305046	132.1
-45.9	-45.8	50.0	108.4	304424	131.9
-45.5	-45.5	50.0	108.8	305658	132.5
-45.1	-45.1	50.0	108.9	305852	132.4
-44.8	-44.7	50.0	108.9	305907	132.6
-44.4	-44.4	50.0	108.8	305708	132.3
-44.0	-44.0	50.0	109.0	306123	132.4
-43.7	-43.6	50.0	108.7	305350	132.4
-43.3	-43.3	50.0	108.8	305767	132.3
-43.0	-42.9	50.0	108.8	305663	132.4
-42.6	-42.5	50.0	108.9	305860	132.5
-42.2	-42.2	50.0	108.9	305960	132.5
-41.9	-41.8	50.0	108.9	306077	132.4
-41.5	-41.4	50.0	108.9	305960	132.5
-41.1	-41.1	50.0	108.9	305911	132.4
-40.7	-40.7	50.0	108.9	305816	132.4
-40.4	-40.3	50.0	108.7	305470	132.2
-40.0	-40.0	50.0	108.6	305030	132.2
-39.6	-39.6	50.0	108.8	305690	132.3
-39.3	-39.2	50.0	108.6	305068	132.2
-38.9	-38.9	50.0	108.7	305397	132.1
-38.6	-38.5	50.0	108.8	305615	132.3
-38.2	-38.1	50.0	108.8	305556	132.3
-37.8	-37.8	50.0	108.7	305318	132.1
-37.5	-37.4	50.0	108.5	304826	132.2
-37.1	-37.0	50.0	108.7	305323	132.3
-36.7	-36.7	50.0	108.9	305805	132.3
-36.3	-36.3	50.0	108.7	305329	132.4
-36.0	-35.9	50.0	109.0	306189	132.3
-35.6	-35.6	50.0	108.8	305631	132.5
-35.2	-35.2	50.0	108.8	305735	132.3
-34.9	-34.8	50.0	108.6	305175	132.4
-34.5	-34.4	50.0	108.9	305989	132.3
-34.1	-34.1	50.0	108.7	305509	132.4
-33.8	-33.7	50.0	108.5	304939	132.3
-33.4	-33.3	50.0	108.6	304974	132.1
-33.0	-33.0	50.0	108.3	304321	131.9
-32.6	-32.6	50.0	108.5	304872	132.0
-32.3	-32.2	50.0	108.7	305372	132.4
-31.9	-31.9	50.0	108.8	305643	132.3
-31.5	-31.5	50.0	108.5	304949	132.1
-31.2	-31.1	50.0	108.5	304720	132.2
-30.8	-30.8	50.0	108.6	305098	132.3
-30.4	-30.4	50.0	108.7	305323	132.4
-30.0	-30.0	50.0	108.7	305341	132.2
-29.7	-29.7	50.0	108.8	305601	131.8
-29.3	-29.3	50.0	108.8	305638	132.2
-28.9	-28.9	50.0	108.7	305311	132.3
-28.5	-28.6	50.0	108.5	304957	132.0
-28.2	-28.2	50.0	108.6	305064	132.2
-27.8	-27.8	50.0	108.9	305816	132.1
-27.4	-27.5	50.0	108.7	305465	132.1
-27.1	-27.1	50.0	108.4	304665	132.2
-26.7	-26.7	50.0	108.6	305153	132.4
-26.3	-26.4	50.0	108.5	304776	132.1
-26.0	-26.0	50.0	108.6	304991	132.4
-25.6	-25.6	50.0	108.6	305061	132.4
-25.2	-25.3	50.0	108.7	305503	132.5
-24.9	-24.9	50.0	108.6	305153	132.0
-24.5	-24.5	50.0	108.7	305379	132.2
-24.1	-24.2	50.0	108.7	305389	132.1
-23.7	-23.8	50.0	108.5	304880	132.0
-23.4	-23.4	50.0	108.7	305242	132.1
-23.0	-23.1	50.0	108.6	305133	132.0
-22.6	-22.7	50.0	108.4	304400	131.7
-22.3	-22.3	50.0	108.4	304488	131.6
-21.9	-21.9	50.0	108.5	304797	131.8
-21.5	-21.6	50.0	108.5	304824	132.0
-21.1	-21.2	50.0	108.6	305146	132.2
-20.7	-20.8	50.0	108.5	304692	132.0
-20.4	-20.5	50.0	108.6	305127	132.1
-20.0	-20.1	50.0	108.4	304540	132.0
-19.7	-19.7	50.0	108.5	304943	132.1
-19.3	-19.4	50.0	108.6	304997	132.0
-18.9	-19.0	50.0	108.4	304453	131.6
-18.6	-18.6	50.0	108.3	304291	131.9
-18.2	-18.3	50.0	108.6	305090	132.1
-17.8	-17.9	50.0	108.7	305515	132.2
-17.5	-17.5	50.0	108.6	304984	132.0
-17.1	-17.2	50.0	108.5	304866	131.9
-16.7	-16.8	50.0	108.6	305026	132.1
-16.4	-16.4	50.0	108.2	304066	131.7
-16.0	-16.1	50.0	108.4	304511	131.7
-15.6	-15.7	50.0	108.3	304250	131.9
-15.2	-15.3	50.0	108.4	304480	132.0
-14.8	-15.0	50.0	108.5	304893	131.9
-14.5	-14.6	50.0	108.4	304567	132.0
-14.1	-14.2	50.0	108.5	304882	132.1
-13.7	-13.8	50.0	108.5	304932	132.0
-13.4	-13.5	50.0	108.2	303915	131.6
-13.1	-13.1	50.0	108.3	304328	132.1
-12.8	-12.7	50.0	108.3	304294	132.0
-12.4	-12.4	50.0	108.6	305205	132.1
-12.1	-12.0	50.0	108.6	305031	132.1
-11.6	-11.6	50.0	108.7	305447	132.0
-11.2	-11.2	50.0	108.5	304834	131.7
-10.8	-10.9	50.0	108.7	305375	132.0
-10.5	-10.5	50.0	108.8	305536	132.2
-10.2	-10.1	50.0	108.9	305981	132.1
-9.8	-9.8	50.0	108.8	305654	132.2
-9.5	-9.4	50.0	108.7	305344	132.3
-9.1	-9.0	50.0	108.6	305150	132.1
-8.7	-8.7	50.0	108.7	305249	132.1
-8.3	-8.3	50.0	108.8	305612	132.2
-7.9	-7.9	50.0	108.6	305007	132.2
-7.6	-7.6	50.0	108.5	304695	132.0
-7.2	-7.2	50.0	108.5	304853	131.9
-6.9	-6.8	50.0	108.5	304826	131.9
-6.5	-6.4	50.0	108.4	304441	131.9
-6.2	-6.1	50.0	108.5	304866	132.2
-5.8	-5.7	50.0	108.5	304746	132.1
-5.4	-5.3	50.0	108.5	304849	132.3
-5.1	-4.9	50.0	108.4	304668	132.1
-4.8	-4.6	50.0	108.5	304875	131.9
-4.4	-4.2	50.0	108.5	304877	131.8
-4.0	-3.8	50.0	108.4	304404	131.6
-3.6	-3.5	50.0	108.3	304377	131.7
-3.3	-3.1	50.0	108.2	304110	131.5
-2.9	-2.8	50.0	107.9	303166	131.4
-2.5	-2.4	50.0	107.9	303274	131.4
-2.2	-2.0	50.0	108.0	303345	131.6
-1.8	-1.7	50.0	108.0	303396	131.5
-1.4	-1.3	50.0	108.0	303343	131.2
-1.1	-1.0	50.0	107.9	303001	131.5
-0.7	-0.6	50.0	108.2	304042	131.7
-0.4	-0.3	50.0	108.2	303863	131.7
0.0	0.1	50.0	107.8	302948	131.4
0.3	0.5	50.0	108.2	303952	131.6
0.7	0.8	50.0	108.1	303629	131.3
1.1	1.2	50.0	108.0	303287	131.1
1.5	1.6	50.0	108.1	303601	131.7
1.8	1.9	50.0	108.1	303760	131.7
2.2	2.3	50.0	108.3	304181	131.6
2.5	2.7	50.0	108.0	303381	131.3
2.9	3.1	50.0	108.1	303740	131.3
3.3	3.4	50.0	108.3	304148	131.8
3.7	3.8	50.0	107.9	303245	131.3
4.0	4.1	50.0	108.2	303977	131.4
4.4	4.5	50.0	108.2	303875	131.5
4.8	4.9	50.0	108.1	303726	131.4
5.1	5.3	50.0	108.3	304146	131.8
5.5	5.6	50.0	108.4	304479	131.8
5.9	6.0	50.0	108.6	304995	132.1
6.2	6.4	50.0	108.3	304363	131.8
6.6	6.7	50.0	108.5	304946	132.0
7.0	7.1	50.0	108.4	304468	131.8
7.4	7.4	50.0	108.7	305250	132.4
7.7	7.8	50.0	108.5	304822	132.0
8.1	8.2	50.0	108.3	304222	131.6
8.5	8.5	50.0	108.5	304707	131.9
8.8	8.9	50.0	108.5	304893	132.1
9.2	9.3	50.0	108.7	305325	132.3
9.6	9.6	50.0	108.4	304502	132.0
10.0	10.0	50.0	108.2	303918	131.7
10.3	10.3	50.0	108.5	304687	132.3
10.7	10.7	50.0	108.2	304062	131.9
11.0	11.1	50.0	108.3	304270	131.7
11.4	11.4	50.0	108.6	305103	132.2
11.8	11.8	50.0	108.5	304780	132.0
12.1	12.2	50.0	108.4	304419	131.7
12.5	12.5	50.0	108.6	305043	132.2
12.9	12.9	50.0	108.3	304387	131.6
13.3	13.3	50.0	108.4	304437	132.0
13.6	13.7	50.0	108.3	304291	131.9
14.0	14.0	50.0	108.3	304198	131.8
14.3	14.4	50.0	108.4	304541	131.7
14.7	14.8	50.0	108.4	304476	131.8
15.1	15.1	50.0	108.3	304309	131.8
15.5	15.5	50.0	108.3	304385	131.9
15.8	15.9	50.0	108.6	305086	132.3
16.2	16.2	50.0	108.4	304449	132.0
16.6	16.6	50.0	108.3	304366	132.1
17.0	17.0	50.0	108.5	304909	132.0
17.3	17.3	50.0	108.5	304908	132.0
17.7	17.7	50.0	108.4	304546	131.8
18.1	18.1	50.0	108.3	304333	132.0
18.4	18.4	50.0	108.3	304317	131.9
18.8	18.8	50.0	108.3	304392	132.1
19.2	19.2	50.0	108.6	305148	132.1
19.6	19.5	50.0	108.6	305070	132.0
19.9	19.9	50.0	108.3	304212	131.5
20.3	20.3	50.0	108.2	303961	131.6
20.7	20.6	50.0	108.3	304385	131.7
21.0	21.0	50.0	108.4	304641	132.1
21.4	21.4	50.0	108.7	305415	132.3
21.8	21.7	50.0	108.8	305555	132.2
22.1	22.1	50.0	108.8	305556	132.3
22.5	22.5	50.0	108.5	304800	131.8
22.8	22.9	50.0	108.5	304940	132.1
23.2	23.2	50.0	108.8	305729	132.4
23.6	23.6	50.0	108.8	305571	132.2
23.9	24.0	50.0	108.8	305680	132.4
24.3	24.3	50.0	108.7	305497	132.4
24.7	24.7	50.0	108.5	304766	132.3
25.0	25.1	50.0	108.6	305004	132.2
25.4	25.4	50.0	108.5	304917	131.8
25.8	25.8	50.0	108.4	304510	131.7
26.1	26.2	50.0	108.5	304955	132.3
26.5	26.5	50.0	108.8	305670	132.5
26.9	26.9	50.0	108.9	305804	132.5
27.2	27.3	50.0	108.8	305753	132.4
27.6	27.6	50.0	108.6	305031	132.0
28.0	28.0	50.0	108.5	304831	131.7
28.4	28.4	50.0	108.5	304944	132.2
28.7	28.7	50.0	108.6	305056	132.3
29.1	29.1	50.0	108.8	305661	132.5
29.5	29.5	50.0	108.9	305910	132.7
29.8	29.9	50.0	108.8	305636	132.2
30.2	30.2	50.0	108.6	305222	132.0
30.6	30.6	50.0	108.8	305736	132.3
30.9	31.0	50.0	108.6	305233	132.3
31.3	31.3	50.0	108.6	305161	132.0
31.7	31.7	50.0	108.7	305461	131.8
32.0	32.1	50.0	108.5	304860	131.9
32.4	32.4	50.0	108.7	305243	132.3
32.8	32.8	50.0	108.6	305043	132.2
33.1	33.2	50.0	108.9	305866	132.3
33.5	33.5	50.0	108.7	305476	131.8
33.9	33.9	50.0	108.9	306039	132.3
34.3	34.3	50.0	108.7	305501	132.2
34.6	34.7	50.0	108.5	304957	132.0
35.0	35.0	50.0	108.5	304893	132.0
35.4	35.4	50.0	108.6	305167	132.0
35.7	35.8	50.0	108.7	305345	132.2
36.1	36.1	50.0	108.6	305192	132.1
36.5	36.5	50.0	108.9	305871	132.6
36.8	36.9	50.0	109.0	306193	132.5
37.2	37.2	50.0	108.6	305203	132.3
37.6	37.6	50.0	108.8	305704	132.3
37.9	38.0	50.0	108.7	305445	132.2
38.3	38.3	50.0	108.6	305089	132.0
38.7	38.7	50.0	108.5	304819	132.0
39.0	39.1	50.0	108.9	305848	132.4
39.4	39.5	50.0	108.8	305677	132.4
39.8	39.8	50.0	109.1	306428	132.7
40.1	40.2	50.0	108.7	305422	132.5
40.5	40.5	50.0	109.0	306205	132.6
40.9	40.9	50.0	108.7	305497	132.0
41.2	41.3	50.0	108.6	305074	132.0
41.6	41.6	50.0	108.7	305469	132.1
41.9	42.0	50.0	108.8	305712	132.2
42.3	42.4	50.0	108.7	305403	132.1
42.7	42.8	50.0	109.0	306220	132.4
43.1	43.1	50.0	108.9	305919	132.4
43.4	43.5	50.0	108.5	304789	132.3
43.8	43.8	50.0	108.6	305135	132.2
44.2	44.2	50.0	108.8	305743	132.3
44.5	44.6	50.0	108.5	304865	132.1
44.9	44.9	50.0	108.7	305278	132.2
45.3	45.3	50.0	108.9	305923	132.5
45.7	45.7	50.0	108.5	304918	132.1
46.1	46.0	50.0	108.8	305570	132.3
46.4	46.4	50.0	108.7	305460	132.3
46.8	46.8	50.0	108.7	305307	132.2
47.2	47.1	50.0	108.9	306078	132.6
47.5	47.5	50.0	108.5	304778	132.1
47.9	47.9	50.0	108.2	303977	131.7
48.2	48.2	50.0	108.5	304860	132.0
48.6	48.6	50.0	108.4	304451	131.8
49.0	49.0	50.0	108.4	304632	131.9
49.4	49.4	50.0	108.4	304563	132.0
49.7	49.7	50.0	108.4	304453	131.9
50.1	50.1	50.0	108.2	304003	131.6
50.4	50.4	50.0	108.3	304388	131.6
50.8	50.8	50.0	108.3	304224	131.6
51.1	51.1	50.0	107.8	302972	131.0
51.5	51.5	50.0	108.1	303596	131.3
51.9	51.9	50.0	108.4	304454	131.5
52.2	52.2	50.0	108.2	303865	131.7
52.6	52.6	50.0	108.3	304241	131.8
53.0	53.0	50.0	108.1	303786	131.4
53.3	53.3	50.0	108.2	303909	131.7
53.7	53.7	50.0	108.2	304057	131.6
54.0	54.1	50.0	108.4	304464	131.5
54.4	54.4	50.0	108.2	303931	131.5
54.8	54.8	50.0	108.4	304555	131.8
55.1	55.2	50.0	108.5	304879	131.7
55.5	55.5	50.0	108.5	304875	131.6
55.9	55.9	50.0	108.6	305114	131.6
56.2	56.3	50.0	108.2	303989	131.5
56.6	56.6	50.0	108.5	304700	131.8
57.0	57.0	50.0	108.6	305187	132.0
57.4	57.4	50.0	108.3	304359	131.8
57.7	57.7	50.0	108.1	303661	131.4
58.1	58.1	50.0	107.9	303186	131.2
58.5	58.5	50.0	107.8	302727	130.7
58.8	58.9	50.0	108.1	303721	131.2
59.2	59.2	50.0	108.1	303645	131.2
59.6	59.6	50.0	108.1	303564	131.3
59.9	59.9	50.0	108.0	303516	131.3
60.3	60.3	50.0	108.3	304388	132.0
60.7	60.7	50.0	108.4	304518	131.9
61.0	61.0	50.0	108.2	303925	131.7
61.4	61.4	50.0	108.3	304247	131.6
61.8	61.8	50.0	108.2	304040	131.5
62.1	62.2	50.0	108.1	303688	131.5
62.5	62.5	50.0	108.2	303861	131.2
62.9	62.9	50.0	108.2	304063	131.5
63.2	63.3	50.0	108.3	304335	131.7
63.6	63.6	50.0	108.3	304373	132.0
64.0	64.0	50.0	108.2	303993	131.8
64.3	64.4	50.0	108.5	304809	131.8
64.7	64.7	50.0	108.3	304227	131.3
65.1	65.1	50.0	108.3	304393	131.7
65.5	65.5	50.0	108.2	303981	131.3
65.8	65.8	50.0	108.2	303851	131.5
66.2	66.2	50.0	108.4	304448	131.5
66.6	66.6	50.0	108.0	303318	131.2
66.9	66.9	50.0	108.4	304563	131.9
67.3	67.3	50.0	108.3	304338	131.8
67.7	67.7	50.0	108.1	303757	131.5
68.0	68.0	50.0	108.2	304096	131.8
68.4	68.4	50.0	108.1	303677	131.8
68.8	68.8	50.0	108.3	304267	131.6
69.1	69.1	50.0	107.8	302911	131.3
69.5	69.5	50.0	108.0	303320	131.5
69.9	69.9	50.0	108.0	303463	131.6
70.2	70.2	50.0	108.0	303439	131.5
70.6	70.6	50.0	107.9	303236	131.0
71.0	71.0	50.0	107.7	302573	130.7
71.3	71.3	50.0	107.8	302751	130.6
71.7	71.7	50.0	108.2	304052	131.2
72.1	72.1	50.0	108.1	303617	131.1
72.4	72.4	50.0	108.1	303828	131.2
72.8	72.8	50.0	108.2	303980	131.3
73.2	73.2	50.0	108.1	303744	131.3
73.5	73.5	50.0	107.9	303195	130.9
73.9	73.9	50.0	107.9	303225	131.2
74.3	74.3	50.0	108.0	303333	131.4
74.6	74.7	50.0	108.0	303479	131.4
75.0	75.0	50.0	108.1	303581	131.4
75.4	75.4	50.0	107.9	303140	131.3
75.7	75.8	50.0	107.7	302526	130.8
76.1	76.1	50.0	107.9	303242	130.8
76.5	76.5	50.0	108.1	303660	131.2
76.9	76.9	50.0	107.8	302849	131.1
77.2	77.2	50.0	108.2	304103	131.5
77.6	77.6	50.0	108.3	304277	131.6
78.0	78.0	50.0	108.2	304045	131.4
78.3	78.3	50.0	108.1	303796	131.4
78.7	78.7	50.0	107.7	302701	131.0
79.1	79.1	50.0	108.1	303799	131.4
79.5	79.5	50.0	108.1	303659	131.3
79.8	79.8	50.0	107.9	303138	131.1
80.2	80.2	50.0	108.2	304066	131.5
80.6	80.5	50.0	108.0	303546	131.3
80.9	80.9	50.0	107.8	302969	131.1
81.3	81.3	50.0	107.9	303114	131.1
81.6	81.6	50.0	107.9	303234	131.0
82.0	82.0	50.0	108.5	304797	131.6
82.4	82.4	50.0	108.2	303915	131.3
82.8	82.8	50.0	108.1	303592	131.6
83.1	83.1	50.0	108.3	304175	131.3
83.5	83.5	50.0	108.4	304506	131.7
83.9	83.8	50.0	108.3	304227	131.7
84.2	84.2	50.0	108.3	304122	131.8
84.6	84.6	50.0	108.1	303820	131.6
84.9	85.0	50.0	108.1	303641	131.4
85.3	85.3	50.0	108.3	304131	131.8
85.7	85.7	50.0	107.9	303246	131.3
86.0	86.1	50.0	108.3	304147	131.5
86.4	86.4	50.0	108.2	303853	131.3
86.8	86.8	50.0	108.0	303442	131.2
87.1	87.1	50.0	108.1	303561	131.1
87.5	87.5	50.0	108.3	304327	131.7
87.9	87.9	50.0	108.3	304372	131.7
88.2	88.3	50.0	108.5	304788	131.8
88.6	88.6	50.0	108.4	304443	132.0
89.0	89.0	50.0	108.5	304751	132.0
89.3	89.3	50.0	108.4	304520	131.5
89.7	89.7	50.0	108.3	304263	131.2
90.1	90.1	50.0	108.4	304496	131.6
90.4	90.4	50.0	108.4	304460	131.6
90.8	90.8	50.0	108.5	304949	131.8
91.2	91.2	50.0	108.6	305190	132.0
91.6	91.6	50.0	108.8	305595	131.9
91.9	91.9	50.0	108.6	305172	131.9
92.3	92.3	50.0	108.7	305290	131.9
92.6	92.7	50.0	108.5	304957	131.9
93.0	93.0	50.0	109.0	306306	132.5
93.4	93.4	50.0	108.6	305188	132.0
93.7	93.8	50.0	108.5	304909	131.9
94.1	94.1	50.0	108.3	304350	131.8
94.5	94.5	50.0	108.4	304556	131.9
94.9	94.9	50.0	108.4	304569	131.8
95.2	95.3	50.0	108.3	304170	132.0
95.6	95.6	50.0	108.7	305276	132.3
96.0	96.0	50.0	108.7	305463	132.1
96.4	96.3	50.0	108.7	305342	132.0
96.7	96.7	50.0	109.1	306388	132.7
97.1	97.1	50.0	108.5	304814	131.8
97.5	97.5	50.0	108.6	305186	131.8
97.8	97.8	50.0	108.9	305845	132.6
98.2	98.2	50.0	108.8	305789	132.4
98.6	98.5	50.0	108.6	305031	132.3
98.9	98.9	50.0	109.0	306092	132.4
99.3	99.3	50.0	109.0	306282	132.5
99.7	99.6	50.0	109.2	306824	132.8
100.0	100.0	50.0	108.7	305444	132.1
100.4	100.4	50.0	108.6	305158	131.7
100.8	100.7	50.0	108.8	305529	132.0
101.1	101.1	50.0	109.2	306820	132.8
101.5	101.5	50.0	108.9	305940	132.6
101.9	101.9	50.0	109.1	306391	132.5
102.2	102.2	50.0	109.3	306992	133.0
102.6	102.6	50.0	109.3	306980	132.7
103.0	102.9	50.0	109.5	307497	132.8
103.3	103.3	50.0	109.4	307326	132.8
103.7	103.7	50.0	109.6	307873	132.9
104.1	104.1	50.0	109.4	307308	132.9
104.4	104.4	50.0	109.1	306444	132.7
104.8	104.8	50.0	109.4	307450	133.1
105.2	105.2	50.0	109.3	307199	133.2
105.5	105.6	50.0	109.4	307233	133.1
105.9	105.9	50.0	109.2	306802	132.9
106.3	106.3	50.0	109.4	307473	133.1
106.6	106.7	50.0	109.3	307109	133.0
107.0	107.0	50.0	109.4	307324	133.0
107.4	107.4	50.0	109.1	306493	132.7
107.7	107.8	50.0	109.2	306706	132.8
108.1	108.1	50.0	109.3	306940	133.0
108.5	108.5	50.0	109.7	308269	133.5
108.8	108.9	50.0	109.5	307578	133.2
109.2	109.2	50.0	109.4	307365	133.0
109.6	109.6	50.0	109.5	307514	133.1
109.9	110.0	50.0	109.7	308321	133.5
110.3	110.3	50.0	109.4	307319	132.8
110.7	110.7	50.0	109.8	308388	133.2
111.0	111.1	50.0	109.7	308195	133.5
111.4	111.4	50.0	109.5	307524	133.1
111.7	111.8	50.0	109.7	308279	133.5
112.1	112.2	50.0	109.9	308649	133.6
112.5	112.5	50.0	109.9	308734	133.8
112.9	112.9	50.0	109.6	308050	133.2
113.2	113.3	50.0	109.5	307561	133.0
113.6	113.6	50.0	109.5	307640	133.2
114.0	114.0	50.0	109.6	308050	133.3
114.4	114.3	50.0	109.5	307723	133.1
114.7	114.7	50.0	109.6	307798	132.9
115.1	115.1	50.0	109.6	307874	132.9
115.5	115.4	50.0	109.7	308205	133.2
115.8	115.8	50.0	109.6	307869	133.1
116.2	116.2	50.0	109.6	308004	133.3
116.6	116.5	50.0	109.9	308768	133.6
116.9	116.9	50.0	109.7	308300	133.4
117.3	117.3	50.0	109.8	308523	133.6
117.6	117.7	50.0	109.5	307559	132.8
118.0	118.0	50.0	109.4	307246	132.9
118.4	118.4	50.0	109.2	306795	132.8
118.7	118.7	50.0	109.4	307355	132.9
119.1	119.1	50.0	109.6	307983	133.2
119.5	119.5	50.0	109.5	307563	132.8
119.8	119.8	50.0	109.4	307383	133.2
120.2	120.2	50.0	109.6	307816	133.3
120.6	120.6	50.0	109.5	307547	133.1
120.9	120.9	50.0	109.4	307312	132.9
121.3	121.3	50.0	109.3	306933	132.7
121.7	121.7	50.0	109.2	306857	132.5
122.0	122.0	50.0	109.3	307031	132.5
122.4	122.4	50.0	109.0	306089	132.4
122.8	122.8	50.0	109.2	306793	132.6
123.1	123.2	50.0	109.1	306585	132.7
123.5	123.5	50.0	109.2	306895	132.7
123.9	123.9	50.0	108.8	305630	132.3
124.3	124.3	50.0	108.8	305628	132.3
124.6	124.6	50.0	108.7	305494	131.8
125.0	125.0	50.0	109.1	306588	132.6
125.3	125.3	50.0	109.1	306417	132.7
125.7	125.7	50.0	109.0	306317	132.5
126.1	126.0	50.0	108.9	305806	132.5
126.4	126.4	50.0	109.2	306682	132.6
126.8	126.8	50.0	109.2	306894	132.7
127.2	127.2	50.0	109.1	306456	132.4
127.6	127.5	50.0	109.2	306733	132.5
127.9	127.9	50.0	109.1	306628	132.6
128.3	128.2	50.0	109.1	306502	132.6
128.6	128.6	50.0	108.9	305943	132.3
129.0	129.0	50.0	109.0	306139	132.5
129.4	129.4	50.0	109.1	306544	132.9
129.7	129.7	50.0	109.3	307088	133.1
130.1	130.1	50.0	109.1	306466	132.6
130.5	130.5	50.0	109.1	306380	132.4
130.9	130.8	50.0	109.2	306730	132.8
131.2	131.2	50.0	109.2	306859	132.9
131.6	131.6	50.0	109.2	306747	132.7
132.0	131.9	50.0	109.0	306339	132.5
132.3	132.3	50.0	109.1	306482	132.5
132.7	132.7	50.0	109.2	306771	132.5
133.1	133.0	50.0	109.1	306511	132.3
133.5	133.4	50.0	109.0	306219	132.1
133.8	133.8	50.0	109.2	306845	132.5
134.2	134.1	50.0	109.1	306492	132.5
134.5	134.5	50.0	109.3	306964	132.8
134.9	134.9	50.0	109.1	306589	132.7
135.2	135.2	50.0	109.1	306567	132.7
135.6	135.6	50.0	109.1	306505	132.8
136.0	136.0	50.0	109.1	306431	132.7
136.3	136.3	50.0	108.9	305814	132.4
136.7	136.7	50.0	109.2	306713	132.7
137.1	137.1	50.0	109.1	306624	132.7
137.4	137.4	50.0	109.2	306769	132.9
137.8	137.8	50.0	109.4	307314	132.8
138.1	138.2	50.0	109.0	306350	132.4
138.5	138.5	50.0	109.3	307013	132.8
138.9	138.9	50.0	109.1	306468	132.3
139.3	139.3	50.0	109.1	306616	132.5
139.6	139.6	50.0	109.5	307497	132.7
140.0	140.0	50.0	109.1	306514	132.5
140.4	140.4	50.0	109.4	307442	132.8
140.7	140.7	50.0	109.2	306685	132.6
141.1	141.1	50.0	109.4	307432	132.6
141.4	141.5	50.0	109.3	307077	132.7
141.8	141.8	50.0	109.5	307648	133.0
142.2	142.2	50.0	109.1	306589	132.9
142.6	142.6	50.0	108.9	306073	132.4
142.9	142.9	50.0	109.2	306889	132.7
143.3	143.3	50.0	109.1	306465	132.5
143.7	143.7	50.0	109.1	306479	132.6
144.0	144.1	50.0	109.0	306224	132.6
144.4	144.4	50.0	109.2	306806	132.8
144.7	144.8	50.0	109.1	306501	132.6
145.1	145.2	50.0	109.0	306241	132.5
145.5	145.6	50.0	109.3	306927	132.9
145.9	145.9	50.0	108.9	306021	132.3
146.2	146.3	50.0	109.0	306173	132.3
146.6	146.7	50.0	108.9	305839	132.3
147.0	147.0	50.0	108.9	305914	132.3
147.3	147.4	50.0	108.8	305703	132.2
147.7	147.7	50.0	108.6	305202	132.2
148.1	148.1	50.0	108.7	305489	132.3
148.4	148.5	50.0	109.2	306770	132.8
148.8	148.9	50.0	109.0	306337	132.5
149.2	149.2	50.0	108.7	305486	132.1
149.5	149.6	50.0	108.5	304728	131.6
149.9	149.9	50.0	108.3	304132	131.6
150.2	150.3	50.0	108.3	304356	131.5
150.6	150.7	50.0	108.2	303933	131.2
151.0	151.0	50.0	108.3	304199	131.4
151.4	151.4	50.0	108.2	303924	131.4
151.7	151.8	50.0	108.1	303638	131.4
152.1	152.2	50.0	108.0	303440	131.4
152.5	152.5	50.0	108.1	303741	131.3
152.8	152.9	50.0	108.1	303701	131.0
153.2	153.2	50.0	108.1	303724	131.2
153.6	153.6	50.0	108.2	303877	131.1
153.9	154.0	50.0	108.2	303924	131.4
154.3	154.4	50.0	108.3	304349	131.6
154.7	154.7	50.0	108.2	303917	131.1
155.1	155.1	50.0	108.5	304820	131.9
155.4	155.5	50.0	108.7	305431	131.8
155.8	155.8	50.0	108.6	305183	131.9
156.2	156.2	50.0	108.6	305101	131.8
156.5	156.6	50.0	108.6	304966	131.7
156.9	156.9	50.0	108.5	304951	131.7
157.3	157.3	50.0	108.8	305705	132.2
157.7	157.7	50.0	108.8	305567	132.2
158.0	158.0	50.0	109.1	306558	132.4
158.4	158.4	50.0	109.1	306575	132.7
158.8	158.8	50.0	109.0	306296	132.4
159.1	159.1	50.0	108.9	306071	132.1
159.5	159.5	50.0	108.8	305627	132.0
159.9	159.9	50.0	108.9	305832	132.1
160.2	160.2	50.0	108.7	305288	132.0
160.6	160.6	50.0	108.8	305566	132.0
161.0	161.0	50.0	108.9	305874	132.3
161.4	161.3	50.0	108.9	306064	132.6
161.7	161.7	50.0	108.7	305481	132.3
162.1	162.1	50.0	108.7	305468	131.8
162.5	162.4	50.0	108.1	303739	131.2
162.8	162.8	50.0	108.3	304151	131.4
163.2	163.2	50.0	108.0	303528	131.3
163.6	163.5	50.0	108.1	303628	131.3
164.0	163.9	50.0	107.9	303156	131.2
164.3	164.3	50.0	107.6	302301	130.5
164.7	164.6	50.0	107.3	301434	129.9
165.0	165.0	50.0	107.2	301269	130.2
165.4	165.4	50.0	107.1	300911	130.0
165.8	165.7	50.0	106.8	299914	129.7
166.1	166.1	50.0	106.6	299528	129.4
166.5	166.5	50.0	106.6	299360	129.2
166.9	166.9	50.0	106.1	298039	128.8
167.2	167.2	50.0	106.1	298026	128.9
167.6	167.6	50.0	105.8	297266	128.5
168.0	168.0	50.0	105.3	295822	128.0
168.3	168.3	50.0	105.2	295460	127.8
168.7	168.7	50.0	104.9	294780	127.4
169.1	169.0	50.0	104.5	293642	126.8
169.4	169.4	50.0	104.4	293387	126.9
169.8	169.8	50.0	103.8	291711	126.1
170.2	170.2	50.0	103.8	291696	126.1
170.5	170.5	50.0	103.4	290353	125.4
170.9	170.9	50.0	103.1	289535	125.1
171.3	171.2	50.0	102.5	287897	124.2
171.6	171.6	50.0	102.1	286941	123.8
172.0	172.0	50.0	101.6	285517	123.3
172.4	172.4	50.0	100.9	283465	122.5
172.8	172.7	50.0	100.5	282222	122.0
173.2	173.1	50.0	99.8	280324	121.2
173.5	173.5	50.0	99.0	278138	120.3
173.9	173.8	50.0	98.1	275500	119.1
174.2	174.2	50.0	97.5	273824	118.4
174.6	174.6	50.0	96.6	271267	117.4
175.0	174.9	50.0	96.1	269866	116.6
175.4	175.3	50.0	95.2	267485	115.5
175.7	175.7	50.0	94.5	265471	114.6
176.1	176.1	50.0	93.5	262569	113.3
176.5	176.4	50.0	92.6	260134	112.3
176.8	176.8	50.0	91.8	257996	111.2
177.2	177.1	50.0	90.8	255112	110.1
177.5	177.5	50.0	90.0	252715	109.1
177.9	177.9	50.0	88.6	248944	107.7
178.3	178.2	50.0	87.7	246389	106.6
178.6	178.6	50.0	86.8	243938	105.5
178.7	178.6	50.0	85.5	240205	103.8
178.9	178.9	50.0	86.4	242632	104.9
179.1	179.1	50.0	84.9	238631	103.1
179.4	179.4	50.0	84.6	237747	102.9
179.5	179.5	50.0	84.6	237562	102.7
179.5	179.6	50.0	84.4	237044	102.4
180.0	180.0	50.0	83.3	233924	101.0
180.5	180.5	50.0	81.8	229927	99.4
180.9	180.9	50.0	80.7	226794	98.0
181.3	181.2	50.0	79.7	223891	96.7
181.6	181.6	50.0	78.9	221698	95.7
181.9	181.9	50.0	78.2	219663	95.0
182.2	182.2	50.0	77.3	217202	93.8
182.6	182.6	50.0	76.4	214664	92.7
183.0	183.0	50.0	75.2	211384	91.4
183.3	183.3	50.0	74.0	207901	89.8
183.7	183.7	50.0	73.0	205185	88.7
184.1	184.0	50.0	71.7	201312	87.0
184.4	184.4	50.0	70.4	197678	85.2
184.7	184.7	50.0	68.9	193698	83.7
185.1	185.1	50.0	67.1	188516	81.5
185.5	185.5	50.0	65.4	183656	79.4
185.8	185.8	50.0	63.5	178315	77.0
186.2	186.2	50.0	61.1	171561	74.2
186.5	186.5	50.0	59.1	166002	71.7
186.9	186.9	50.0	55.9	157101	67.9
187.3	187.2	50.0	53.7	150732	65.1
187.6	187.6	50.0	50.6	142100	61.4
188.0	187.9	50.0	47.9	134671	58.2
188.3	188.3	50.0	44.8	125891	54.4
188.6	188.7	50.0	42.0	118066	51.0
189.0	189.0	50.0	39.2	110039	47.6
189.4	189.4	50.0	36.3	101986	44.0
189.8	189.8	50.0	33.3	93513	40.4
190.1	190.1	50.0	31.0	87113	37.6
190.5	190.5	50.0	28.6	80277	34.7
190.8	190.8	50.0	26.5	74473	32.2
191.2	191.2	50.0	24.6	69156	29.9
191.5	191.5	50.0	22.7	63871	27.6
191.9	191.9	50.0	21.0	58900	25.4
192.2	192.3	50.0	19.8	55531	24.0
192.6	192.6	50.0	18.3	51492	22.3
193.0	193.0	50.0	17.2	48416	20.9
193.3	193.3	50.0	16.3	45888	19.8
193.7	193.7	50.0	15.6	43725	18.9
194.0	194.0	50.0	14.9	41925	18.1
194.4	194.4	50.0	14.4	40572	17.5
194.7	194.8	50.0	13.8	38819	16.8
195.1	195.1	50.0	13.5	37939	16.4
195.5	195.5	50.0	13.1	36844	15.9
195.8	195.8	50.0	12.7	35784	15.5
196.2	196.2	50.0	12.5	35036	15.1
196.5	196.5	50.0	12.1	33942	14.7
196.9	196.9	50.0	11.9	33517	14.5
197.2	197.3	50.0	11.7	32959	14.2
197.6	197.6	50.0	11.5	32412	14.0
197.9	198.0	50.0	11.3	31691	13.7
198.3	198.3	50.0	11.0	30845	13.3
198.7	198.7	50.0	10.8	30255	13.1
199.0	199.0	50.0	10.6	29850	12.9
199.4	199.4	50.0	10.5	29572	12.8
199.7	199.8	50.0	10.4	29155	12.6
200.1	200.1	50.0	10.2	28580	12.3
200.4	200.5	50.0	9.9	27902	12.0
200.8	200.8	50.0	9.8	27551	11.9
201.2	201.2	50.0	9.7	27283	11.8
201.5	201.5	50.0	9.6	26848	11.6
201.9	201.9	50.0	9.4	26291	11.4
202.2	202.3	50.0	9.3	25999	11.2
202.6	202.6	50.0	9.2	25749	11.1
202.9	203.0	50.0	9.0	25333	10.9
203.3	203.3	50.0	8.9	25006	10.8
203.7	203.7	50.0	8.7	24488	10.6
204.0	204.0	50.0	8.6	24190	10.5
204.4	204.4	50.0	8.5	23875	10.3
204.7	204.7	50.0	8.4	23577	10.2
205.1	205.1	50.0	8.4	23506	10.2
205.4	205.5	50.0	8.3	23337	10.1
205.8	205.8	50.0	8.1	22787	9.8
206.1	206.2	50.0	8.0	22608	9.8
206.5	206.5	50.0	7.9	22306	9.6
206.8	206.9	50.0	7.8	21936	9.5
207.2	207.2	50.0	7.7	21697	9.4
207.6	207.6	50.0	7.6	21377	9.2
207.9	207.9	50.0	7.6	21398	9.2
208.3	208.3	50.0	7.5	21068	9.1
208.6	208.7	50.0	7.5	20957	9.0
209.0	209.0	50.0	7.4	20754	9.0
209.3	209.4	50.0	7.3	20510	8.9
209.7	209.7	50.0	7.1	20052	8.7
210.0	210.1	50.0	7.2	20252	8.7
210.4	210.5	50.0	7.1	19864	8.6
210.8	210.8	50.0	7.0	19615	8.5
211.1	211.2	50.0	6.9	19375	8.4
211.5	211.5	50.0	6.8	19075	8.2
211.8	211.9	50.0	6.8	19188	8.3
212.2	212.2	50.0	6.7	18896	8.2
212.5	212.6	50.0	6.7	18726	8.1
212.9	212.9	50.0	6.6	18405	8.0
213.3	213.3	50.0	6.5	18381	7.9
213.6	213.6	50.0	6.5	18234	7.9
214.0	214.0	50.0	6.4	18040	7.8
214.3	214.3	50.0	6.3	17659	7.6
214.7	214.7	50.0	6.3	17660	7.6
215.0	215.1	50.0	6.2	17482	7.6
215.4	215.4	50.0	6.2	17413	7.5
215.7	215.8	50.0	6.1	17099	7.4
216.1	216.1	50.0	6.0	16893	7.3
216.5	216.5	50.0	6.0	16926	7.3
216.8	216.8	50.0	6.0	16849	7.3
217.2	217.2	50.0	6.0	16734	7.2
217.5	217.6	50.0	5.8	16415	7.1
217.9	217.9	50.0	5.8	16288	7.0
218.2	218.3	50.0	5.8	16218	7.0
218.6	218.6	50.0	5.7	15970	6.9
218.9	219.0	50.0	5.6	15654	6.8
219.3	219.3	50.0	5.5	15488	6.7
219.7	219.7	50.0	5.6	15614	6.7
220.0	220.1	50.0	5.5	15367	6.6
220.4	220.4	50.0	5.5	15317	6.6
220.7	220.8	50.0	5.4	15252	6.6
221.0	221.1	50.0	5.3	14899	6.4
221.4	221.5	50.0	5.3	14805	6.4
221.8	221.8	50.0	5.3	14870	6.4
222.1	222.2	50.0	5.1	14408	6.2
222.5	222.6	50.0	5.1	14325	6.2
222.9	222.9	50.0	5.1	14333	6.2
223.2	223.3	50.0	5.1	14235	6.1
223.6	223.6	50.0	5.1	14278	6.2
223.9	224.0	50.0	5.0	14107	6.1
224.3	224.3	50.0	4.9	13900	6.0
224.6	224.7	50.0	4.9	13809	6.0
225.0	225.0	50.0	4.9	13703	5.9
225.3	225.4	50.0	4.9	13719	5.9
225.7	225.7	50.0	4.7	13300	5.7
226.1	226.1	50.0	4.7	13152	5.7
226.4	226.4	50.0	4.7	13167	5.7
226.8	226.8	50.0	4.7	13203	5.7
227.1	227.2	50.0	4.6	12953	5.6
227.5	227.5	50.0	4.6	12940	5.6
227.8	227.9	50.0	4.5	12764	5.5
228.2	228.2	50.0	4.4	12479	5.4
228.6	228.6	50.0	4.4	12306	5.3
228.9	228.9	50.0	4.4	12443	5.4
229.3	229.3	50.0	4.3	12124	5.2
229.6	229.6	50.0	4.3	12034	5.2
230.0	230.0	50.0	4.3	12073	5.2
230.3	230.4	50.0	4.3	11959	5.2
230.7	230.7	50.0	4.2	11733	5.1
231.0	231.1	50.0	4.1	11639	5.0
231.4	231.4	50.0	4.1	11455	4.9
231.8	231.8	50.0	4.1	11645	5.0
232.1	232.1	50.0	4.1	11410	4.9
232.5	232.5	50.0	4.0	11360	4.9
232.8	232.8	50.0	4.1	11448	4.9
233.2	233.2	50.0	4.0	11316	4.9
233.5	233.6	50.0	4.0	11130	4.8
233.9	233.9	50.0	3.9	11084	4.8
234.3	234.3	50.0	3.9	10905	4.7
234.6	234.6	50.0	3.8	10751	4.6
235.0	235.0	50.0	3.9	10898	4.7
235.7	235.7	50.0	3.8	10695	4.6


