08-08-2017 15:32:24

Radiation device:	U04 Accelerator
Energy:	6 MV
Controller:	CCU
Measurement device:	NWP484841
Field detector:	Thimble
Reference detector:	Thimble
SAD:	1000 mm
SSD:	1000 mm
Field size:	400 x 400 mm
Gantry angle:	0
Measurement medium:	Water
Scan type:	DiagonalMpPm
Scan mode:	Continuous

Points [mm]:
Inline	Crossline	Depth	Normalized field	Current field	Ratio
237.2	-237.2	50.0	3.7	10406	4.5
236.7	-236.8	50.0	3.8	10566	4.6
236.0	-236.2	50.0	3.9	11034	4.8
235.7	-235.9	50.0	4.0	11116	4.8
235.4	-235.6	50.0	4.0	11144	4.8
235.1	-235.3	50.0	4.0	11103	4.8
234.9	-235.0	50.0	4.0	11308	4.9
234.6	-234.6	50.0	4.0	11330	4.9
234.2	-234.2	50.0	4.1	11457	4.9
233.7	-233.8	50.0	4.0	11378	4.9
233.4	-233.5	50.0	4.1	11490	5.0
233.0	-233.2	50.0	4.1	11539	5.0
232.7	-232.8	50.0	4.2	11841	5.1
232.4	-232.4	50.0	4.2	11910	5.1
232.0	-232.1	50.0	4.2	11886	5.1
231.7	-231.7	50.0	4.3	12056	5.2
231.3	-231.4	50.0	4.3	12091	5.2
230.9	-231.0	50.0	4.4	12239	5.3
230.6	-230.7	50.0	4.4	12431	5.4
230.2	-230.3	50.0	4.4	12452	5.4
229.9	-229.9	50.0	4.4	12455	5.4
229.5	-229.6	50.0	4.5	12657	5.5
229.2	-229.2	50.0	4.6	12788	5.5
228.8	-228.9	50.0	4.7	13136	5.7
228.4	-228.5	50.0	4.7	13206	5.7
228.1	-228.1	50.0	4.7	13281	5.7
227.8	-227.8	50.0	4.7	13136	5.7
227.4	-227.4	50.0	4.8	13489	5.8
227.0	-227.1	50.0	4.8	13604	5.9
226.7	-226.7	50.0	4.9	13748	5.9
226.3	-226.4	50.0	4.9	13775	5.9
226.0	-226.0	50.0	4.9	13811	6.0
225.6	-225.7	50.0	5.0	14040	6.1
225.3	-225.3	50.0	5.1	14234	6.1
224.9	-225.0	50.0	5.1	14277	6.2
224.6	-224.6	50.0	5.2	14472	6.2
224.2	-224.3	50.0	5.2	14600	6.3
223.8	-223.9	50.0	5.2	14578	6.3
223.5	-223.5	50.0	5.2	14679	6.3
223.1	-223.2	50.0	5.3	14885	6.4
222.8	-222.8	50.0	5.4	15117	6.5
222.4	-222.5	50.0	5.4	15280	6.6
222.1	-222.1	50.0	5.5	15321	6.6
221.7	-221.8	50.0	5.5	15577	6.7
221.3	-221.4	50.0	5.5	15575	6.7
221.0	-221.0	50.0	5.6	15623	6.7
220.6	-220.7	50.0	5.6	15830	6.8
220.3	-220.3	50.0	5.7	16023	6.9
219.9	-220.0	50.0	5.7	16115	6.9
219.6	-219.6	50.0	5.7	16086	6.9
219.2	-219.3	50.0	5.8	16411	7.1
218.8	-218.9	50.0	5.8	16401	7.1
218.4	-218.6	50.0	5.8	16402	7.1
218.1	-218.2	50.0	6.0	16747	7.2
217.7	-217.9	50.0	6.0	16904	7.3
217.4	-217.5	50.0	6.0	16990	7.3
217.1	-217.1	50.0	6.1	17222	7.4
216.7	-216.8	50.0	6.2	17346	7.5
216.3	-216.4	50.0	6.2	17545	7.6
216.0	-216.1	50.0	6.3	17719	7.6
215.6	-215.7	50.0	6.3	17690	7.6
215.3	-215.4	50.0	6.4	18013	7.8
214.9	-215.0	50.0	6.5	18121	7.8
214.5	-214.6	50.0	6.5	18306	7.9
214.2	-214.3	50.0	6.6	18653	8.0
213.8	-213.9	50.0	6.6	18580	8.0
213.5	-213.6	50.0	6.7	18694	8.1
213.1	-213.2	50.0	6.8	19085	8.2
212.7	-212.8	50.0	6.8	19224	8.3
212.4	-212.5	50.0	6.8	19215	20.0
212.0	-212.1	50.0	7.0	19632	20.0
211.7	-211.8	50.0	7.0	19706	20.0
211.3	-211.4	50.0	7.1	20021	8.6
211.0	-211.1	50.0	7.1	20054	8.6
210.6	-210.7	50.0	7.2	20251	8.7
210.3	-210.3	50.0	7.3	20444	8.8
209.9	-210.0	50.0	7.4	20670	8.9
209.6	-209.6	50.0	7.4	20775	9.0
209.2	-209.3	50.0	7.4	20910	9.0
208.8	-208.9	50.0	7.5	21119	9.1
208.5	-208.6	50.0	7.6	21378	9.2
208.1	-208.2	50.0	7.7	21711	9.4
207.8	-207.9	50.0	7.9	22166	9.6
207.4	-207.5	50.0	7.9	22166	9.6
207.1	-207.1	50.0	8.0	22428	9.7
206.7	-206.8	50.0	8.0	22491	9.7
206.3	-206.4	50.0	8.2	22898	9.9
206.0	-206.1	50.0	8.2	22996	9.9
205.6	-205.7	50.0	8.3	23218	10.0
205.3	-205.4	50.0	8.4	23657	10.2
204.9	-205.0	50.0	8.6	24030	10.4
204.6	-204.7	50.0	8.6	24208	10.4
204.2	-204.3	50.0	8.7	24331	10.5
203.8	-203.9	50.0	8.8	24735	10.7
203.5	-203.6	50.0	8.9	25035	10.8
203.1	-203.2	50.0	9.1	25431	11.0
202.8	-202.8	50.0	9.1	25637	11.0
202.4	-202.5	50.0	9.4	26316	11.3
202.1	-202.2	50.0	9.5	26593	11.5
201.7	-201.8	50.0	9.6	26895	11.6
201.3	-201.4	50.0	9.8	27668	11.9
201.0	-201.1	50.0	10.0	28067	12.1
200.6	-200.7	50.0	10.2	28699	12.4
200.2	-200.4	50.0	10.3	28892	12.4
199.9	-200.0	50.0	10.5	29451	12.7
199.5	-199.6	50.0	10.7	30083	13.0
199.2	-199.3	50.0	10.9	30705	13.2
198.8	-199.0	50.0	11.0	30985	13.3
198.5	-198.6	50.0	11.3	31766	13.7
198.1	-198.2	50.0	11.4	32091	13.8
197.8	-197.9	50.0	11.8	33046	14.2
197.4	-197.5	50.0	12.0	33665	14.5
197.0	-197.2	50.0	12.2	34404	14.9
196.7	-196.8	50.0	12.5	35150	15.2
196.3	-196.5	50.0	12.8	36056	15.5
196.0	-196.1	50.0	13.0	36549	15.8
195.6	-195.8	50.0	13.4	37539	16.2
195.3	-195.4	50.0	13.7	38602	16.6
194.9	-195.0	50.0	14.2	39890	17.2
194.6	-194.7	50.0	14.6	41092	17.7
194.2	-194.3	50.0	15.2	42771	18.4
193.8	-193.9	50.0	15.8	44374	19.1
193.5	-193.6	50.0	16.4	46028	19.8
193.1	-193.3	50.0	17.0	47827	20.6
192.8	-192.9	50.0	17.9	50282	21.7
192.4	-192.5	50.0	19.0	53314	23.0
192.1	-192.2	50.0	20.1	56515	24.3
191.7	-191.8	50.0	21.7	60962	26.2
191.4	-191.4	50.0	23.2	65130	28.1
191.0	-191.1	50.0	25.4	71331	30.7
190.7	-190.7	50.0	27.4	76862	33.2
190.3	-190.4	50.0	29.7	83454	36.0
189.9	-190.0	50.0	32.5	91214	39.3
189.6	-189.7	50.0	35.0	98372	42.4
189.3	-189.3	50.0	38.3	107565	46.3
188.9	-188.9	50.0	41.0	115258	49.7
188.5	-188.6	50.0	44.7	125519	54.1
188.1	-188.2	50.0	47.9	134566	58.0
187.8	-187.9	50.0	50.9	142858	61.5
187.4	-187.5	50.0	53.6	150490	64.8
187.1	-187.2	50.0	56.3	158126	68.1
186.7	-186.8	50.0	58.9	165488	71.3
186.4	-186.4	50.0	61.4	172530	74.2
186.0	-186.1	50.0	63.6	178726	77.1
185.7	-185.7	50.0	65.6	184387	79.5
185.3	-185.4	50.0	67.4	189238	81.4
185.0	-185.0	50.0	68.8	193419	83.4
184.6	-184.7	50.0	70.3	197543	85.1
184.2	-184.3	50.0	71.6	201216	86.6
183.9	-183.9	50.0	72.9	204740	88.2
183.5	-183.6	50.0	73.9	207572	89.5
183.2	-183.2	50.0	75.0	210618	90.7
182.8	-182.9	50.0	75.9	213117	91.8
182.5	-182.5	50.0	76.8	215795	93.1
182.1	-182.2	50.0	77.6	218114	94.0
181.8	-181.8	50.0	78.7	221093	95.2
181.4	-181.4	50.0	79.4	223020	96.1
181.1	-181.1	50.0	80.4	225991	97.4
180.7	-180.7	50.0	81.1	227883	98.2
180.3	-180.4	50.0	82.4	231523	99.7
180.0	-180.0	50.0	83.4	234339	100.9
179.6	-179.7	50.0	84.0	236119	101.8
179.3	-179.3	50.0	85.1	238974	102.9
178.9	-178.9	50.0	86.1	241938	104.3
178.6	-178.6	50.0	87.0	244327	105.2
178.2	-178.2	50.0	87.9	247070	106.5
177.8	-177.9	50.0	88.5	248594	107.3
177.5	-177.5	50.0	89.7	251964	108.6
177.1	-177.1	50.0	90.6	254392	109.6
176.8	-176.8	50.0	91.7	257670	111.0
176.4	-176.4	50.0	92.6	260144	112.1
176.0	-176.1	50.0	93.8	263628	113.5
175.5	-175.5	50.0	95.0	266969	114.9
175.0	-175.0	50.0	96.6	271472	117.2
174.4	-174.5	50.0	97.7	274543	118.3
174.0	-174.1	50.0	98.4	276557	119.3
173.6	-173.7	50.0	99.4	279229	120.3
173.2	-173.2	50.0	100.3	281771	121.5
172.7	-172.8	50.0	100.9	283582	122.1
172.1	-172.3	50.0	101.8	285992	123.2
171.5	-171.7	50.0	102.0	286643	123.6
171.0	-171.1	50.0	102.3	287521	123.8
170.7	-170.7	50.0	103.1	289535	124.7
170.7	-170.6	50.0	103.1	289731	124.9
170.3	-170.4	50.0	103.9	291770	125.9
169.9	-170.0	50.0	104.2	292757	126.0
169.6	-169.6	50.0	104.5	293538	126.5
169.2	-169.2	50.0	105.0	294926	127.1
168.8	-168.9	50.0	105.3	295701	127.3
168.4	-168.5	50.0	105.5	296400	127.7
168.1	-168.2	50.0	105.8	297097	128.2
167.7	-167.8	50.0	105.9	297556	128.4
167.4	-167.4	50.0	106.3	298753	128.5
167.0	-167.1	50.0	106.5	299177	129.0
166.6	-166.7	50.0	106.8	299937	129.5
166.2	-166.4	50.0	107.1	300965	129.8
165.9	-166.0	50.0	107.3	301486	129.9
165.5	-165.6	50.0	107.8	302993	130.4
165.2	-165.3	50.0	108.2	304113	130.9
164.8	-164.9	50.0	108.0	303471	130.7
164.4	-164.5	50.0	108.3	304133	131.0
164.1	-164.2	50.0	108.4	304400	131.2
163.7	-163.8	50.0	108.6	304984	131.4
163.3	-163.4	50.0	108.4	304446	131.2
163.0	-163.1	50.0	108.7	305454	131.6
162.6	-162.7	50.0	109.2	306770	131.9
162.2	-162.3	50.0	109.5	307567	132.5
161.8	-162.0	50.0	109.4	307234	132.2
161.5	-161.6	50.0	109.6	308029	132.7
161.1	-161.2	50.0	109.8	308366	132.8
160.8	-160.8	50.0	109.8	308595	133.0
160.4	-160.5	50.0	109.8	308418	133.0
160.0	-160.1	50.0	109.7	308284	132.9
159.6	-159.8	50.0	109.9	308866	132.9
159.3	-159.4	50.0	109.9	308618	132.9
158.9	-159.0	50.0	109.8	308464	132.8
158.5	-158.7	50.0	110.3	309841	133.2
158.2	-158.3	50.0	110.1	309352	133.4
157.8	-157.9	50.0	109.5	307622	132.4
157.4	-157.6	50.0	109.7	308100	132.5
157.0	-157.2	50.0	109.7	308120	132.6
156.7	-156.8	50.0	109.8	308479	132.8
156.3	-156.4	50.0	110.1	309218	133.1
156.0	-156.0	50.0	109.4	307486	132.6
155.6	-155.7	50.0	109.2	306886	132.3
155.2	-155.3	50.0	109.3	306936	132.0
154.9	-154.9	50.0	109.1	306403	132.3
154.5	-154.5	50.0	109.3	306961	132.4
154.1	-154.2	50.0	109.2	306835	132.2
153.8	-153.8	50.0	109.5	307544	132.4
153.4	-153.5	50.0	109.1	306590	132.1
153.1	-153.1	50.0	109.1	306609	132.1
152.7	-152.7	50.0	109.2	306652	132.3
152.4	-152.4	50.0	109.4	307446	132.6
152.0	-152.0	50.0	109.1	306631	132.1
151.6	-151.6	50.0	108.9	306017	131.7
151.2	-151.3	50.0	109.3	307137	132.3
150.9	-150.9	50.0	109.4	307266	132.7
150.5	-150.6	50.0	109.6	307829	132.9
150.1	-150.2	50.0	110.1	309245	133.7
149.8	-149.8	50.0	109.8	308457	133.1
149.4	-149.5	50.0	109.4	307379	132.4
149.1	-149.1	50.0	109.5	307747	132.5
148.7	-148.7	50.0	109.9	308638	133.1
148.3	-148.4	50.0	109.9	308719	133.1
148.0	-148.0	50.0	109.9	308852	133.0
147.6	-147.6	50.0	109.7	308226	132.7
147.2	-147.3	50.0	110.0	309135	132.9
146.9	-146.9	50.0	110.1	309189	133.2
146.5	-146.5	50.0	110.1	309395	133.4
146.1	-146.1	50.0	110.2	309602	133.6
145.7	-145.8	50.0	109.6	308020	132.7
145.4	-145.4	50.0	109.8	308465	132.6
145.0	-145.0	50.0	110.3	309746	133.3
144.6	-144.7	50.0	110.7	310882	134.3
144.3	-144.3	50.0	110.0	309052	133.4
143.9	-143.9	50.0	109.8	308571	132.8
143.5	-143.6	50.0	109.9	308812	132.8
143.1	-143.2	50.0	110.2	309630	133.5
142.8	-142.8	50.0	110.2	309596	133.5
142.4	-142.4	50.0	110.3	309837	133.3
142.0	-142.1	50.0	110.1	309264	133.1
141.7	-141.7	50.0	110.0	308984	133.1
141.3	-141.4	50.0	110.2	309541	133.4
140.9	-141.0	50.0	110.4	310025	133.6
140.6	-140.6	50.0	110.2	309677	133.4
140.2	-140.2	50.0	109.9	308757	132.7
139.8	-139.9	50.0	110.2	309513	133.3
139.4	-139.5	50.0	110.5	310358	133.9
139.1	-139.1	50.0	110.5	310328	133.8
138.7	-138.8	50.0	110.5	310531	133.8
138.3	-138.4	50.0	109.9	308802	132.8
138.0	-138.0	50.0	110.0	308924	132.8
137.6	-137.7	50.0	110.6	310729	133.8
137.2	-137.3	50.0	110.2	309716	133.4
136.9	-136.9	50.0	110.1	309403	133.3
136.5	-136.6	50.0	110.2	309527	133.2
136.1	-136.2	50.0	110.2	309460	133.6
135.7	-135.9	50.0	110.2	309607	133.4
135.4	-135.5	50.0	110.2	309515	133.2
135.0	-135.2	50.0	110.3	309934	133.7
134.7	-134.8	50.0	110.4	310234	133.8
134.3	-134.4	50.0	110.2	309729	133.5
133.9	-134.0	50.0	110.1	309370	133.2
133.5	-133.7	50.0	110.5	310369	133.8
133.2	-133.3	50.0	110.5	310337	133.8
132.8	-132.9	50.0	110.5	310510	133.8
132.4	-132.6	50.0	110.0	309163	133.0
132.1	-132.2	50.0	110.1	309430	133.1
131.7	-131.8	50.0	110.0	308924	133.2
131.4	-131.5	50.0	109.9	308748	132.9
131.0	-131.1	50.0	110.1	309256	133.0
130.6	-130.7	50.0	110.0	309098	133.2
130.2	-130.4	50.0	110.2	309591	133.5
129.9	-130.0	50.0	110.1	309316	133.4
129.5	-129.6	50.0	109.8	308547	132.8
129.1	-129.2	50.0	110.1	309216	133.3
128.8	-128.9	50.0	110.0	309116	132.9
128.4	-128.5	50.0	110.1	309230	133.0
128.0	-128.1	50.0	110.2	309700	133.7
127.7	-127.8	50.0	110.2	309567	133.6
127.3	-127.4	50.0	110.0	308902	133.0
126.9	-127.0	50.0	109.8	308580	132.8
126.6	-126.7	50.0	109.9	308714	132.9
126.2	-126.3	50.0	110.3	309933	133.7
125.9	-125.9	50.0	110.5	310566	133.8
125.5	-125.5	50.0	110.4	310201	133.4
125.1	-125.2	50.0	110.0	309050	132.9
124.8	-124.8	50.0	110.2	309500	133.6
124.4	-124.4	50.0	110.2	309696	133.4
124.0	-124.1	50.0	110.1	309427	133.2
123.7	-123.7	50.0	110.1	309273	133.1
123.3	-123.3	50.0	110.1	309364	133.0
122.9	-123.0	50.0	110.2	309508	133.0
122.6	-122.6	50.0	110.4	310153	133.6
122.2	-122.2	50.0	110.5	310492	133.9
121.8	-121.9	50.0	110.3	309924	133.2
121.5	-121.5	50.0	109.9	308729	132.9
121.1	-121.2	50.0	110.0	309079	132.9
120.7	-120.8	50.0	110.3	309856	133.5
120.3	-120.4	50.0	110.1	309290	133.0
120.0	-120.1	50.0	109.9	308806	132.7
119.6	-119.7	50.0	110.0	309048	133.1
119.3	-119.3	50.0	110.0	309059	133.4
118.9	-119.0	50.0	110.5	310444	133.8
118.5	-118.6	50.0	110.6	310583	133.6
118.2	-118.2	50.0	110.2	309568	133.3
117.8	-117.9	50.0	109.9	308699	133.0
117.4	-117.5	50.0	110.2	309492	133.1
117.1	-117.1	50.0	110.5	310576	133.6
116.7	-116.8	50.0	110.4	310168	133.5
116.3	-116.4	50.0	110.5	310382	133.8
116.0	-116.0	50.0	110.6	310782	134.0
115.6	-115.7	50.0	110.7	310975	133.8
115.2	-115.3	50.0	110.5	310440	133.6
114.9	-114.9	50.0	110.6	310690	133.7
114.5	-114.5	50.0	110.7	311083	133.9
114.1	-114.2	50.0	110.4	310180	133.6
113.8	-113.8	50.0	110.2	309728	133.4
113.4	-113.5	50.0	110.4	310188	133.3
113.0	-113.1	50.0	110.3	309914	133.2
112.7	-112.7	50.0	110.5	310522	133.6
112.3	-112.3	50.0	110.8	311227	134.0
111.9	-111.9	50.0	110.8	311232	134.0
111.6	-111.6	50.0	110.9	311650	134.1
111.2	-111.2	50.0	110.6	310669	134.0
110.8	-110.8	50.0	110.5	310306	133.7
110.4	-110.5	50.0	110.5	310385	133.8
110.1	-110.1	50.0	110.6	310590	133.8
109.7	-109.7	50.0	110.4	310113	133.6
109.3	-109.4	50.0	110.5	310308	133.7
109.0	-109.0	50.0	110.3	309816	133.4
108.6	-108.6	50.0	110.3	309811	133.6
108.2	-108.3	50.0	110.4	310046	133.6
107.8	-107.9	50.0	110.2	309478	133.2
107.5	-107.5	50.0	110.2	309715	133.3
107.1	-107.2	50.0	110.1	309350	133.4
106.7	-106.8	50.0	110.0	308911	133.1
106.4	-106.4	50.0	110.3	309897	133.4
106.0	-106.1	50.0	110.3	309748	133.2
105.6	-105.7	50.0	109.9	308759	132.9
105.3	-105.4	50.0	109.9	308707	132.8
104.9	-105.0	50.0	109.8	308593	132.8
104.5	-104.6	50.0	110.1	309290	133.0
104.2	-104.2	50.0	110.1	309417	133.3
103.8	-103.9	50.0	110.3	309830	133.2
103.4	-103.5	50.0	110.3	309804	133.2
103.1	-103.1	50.0	110.1	309362	133.1
102.7	-102.8	50.0	109.9	308887	132.8
102.3	-102.4	50.0	109.9	308743	132.8
101.9	-102.0	50.0	109.6	307999	132.4
101.6	-101.7	50.0	109.6	307790	132.3
101.2	-101.3	50.0	109.6	307990	132.4
100.8	-100.9	50.0	109.8	308528	133.0
100.4	-100.6	50.0	109.8	308346	132.7
100.1	-100.2	50.0	109.8	308444	132.4
99.7	-99.8	50.0	109.8	308408	132.7
99.4	-99.5	50.0	109.4	307438	132.6
99.0	-99.1	50.0	109.8	308383	132.7
98.6	-98.7	50.0	109.7	308134	132.6
98.3	-98.4	50.0	109.4	307387	132.3
97.9	-98.0	50.0	109.3	306935	132.3
97.5	-97.6	50.0	109.4	307262	132.6
97.1	-97.3	50.0	109.7	308056	132.6
96.8	-96.9	50.0	109.4	307395	132.4
96.4	-96.5	50.0	109.3	306943	132.4
96.1	-96.2	50.0	109.2	306856	132.3
95.7	-95.8	50.0	109.2	306788	132.2
95.4	-95.4	50.0	109.2	306685	132.1
95.0	-95.0	50.0	109.0	306203	131.8
94.6	-94.7	50.0	109.1	306584	132.0
94.2	-94.3	50.0	108.9	305924	131.6
93.9	-93.9	50.0	109.1	306513	131.9
93.5	-93.6	50.0	109.3	307122	132.0
93.1	-93.2	50.0	109.2	306913	132.0
92.8	-92.9	50.0	109.5	307713	132.6
92.4	-92.5	50.0	109.4	307235	132.3
92.1	-92.1	50.0	109.0	306188	131.8
91.7	-91.7	50.0	109.2	306726	132.0
91.3	-91.4	50.0	109.1	306537	131.9
90.9	-91.0	50.0	109.1	306447	131.8
90.6	-90.6	50.0	109.0	306142	131.8
90.2	-90.3	50.0	108.9	306051	131.6
89.8	-89.9	50.0	108.9	305899	131.4
89.5	-89.5	50.0	109.0	306321	131.7
89.1	-89.1	50.0	109.4	307281	132.2
88.7	-88.8	50.0	108.9	305884	131.7
88.3	-88.4	50.0	109.0	306095	131.5
88.0	-88.1	50.0	108.8	305576	131.4
87.6	-87.7	50.0	108.9	305826	131.5
87.2	-87.3	50.0	108.6	305172	131.5
86.9	-87.0	50.0	109.1	306458	132.1
86.5	-86.6	50.0	109.0	306317	131.9
86.2	-86.2	50.0	108.9	305940	131.7
85.8	-85.9	50.0	108.9	306030	131.9
85.4	-85.5	50.0	108.9	305860	131.5
85.0	-85.1	50.0	108.5	304710	130.9
84.7	-84.8	50.0	108.6	305020	131.4
84.3	-84.4	50.0	108.6	305084	131.3
84.0	-84.0	50.0	108.2	303958	130.7
83.6	-83.7	50.0	108.5	304938	131.0
83.2	-83.3	50.0	108.7	305386	131.3
82.8	-82.9	50.0	108.6	305017	131.2
82.4	-82.5	50.0	108.6	305237	131.2
82.1	-82.2	50.0	108.4	304531	130.9
81.7	-81.8	50.0	108.2	304083	130.6
81.3	-81.5	50.0	108.4	304427	131.1
81.0	-81.1	50.0	108.5	304940	131.2
80.6	-80.7	50.0	108.4	304460	131.0
80.3	-80.3	50.0	108.6	305115	131.3
79.9	-80.0	50.0	108.8	305643	131.8
79.5	-79.6	50.0	108.8	305790	131.6
79.1	-79.2	50.0	108.6	305166	131.4
78.8	-78.9	50.0	108.6	305128	131.4
78.4	-78.5	50.0	108.3	304351	130.9
78.1	-78.1	50.0	108.4	304595	131.2
77.7	-77.8	50.0	108.6	305203	131.4
77.3	-77.4	50.0	108.3	304290	130.9
77.0	-77.0	50.0	108.4	304674	131.1
76.6	-76.7	50.0	108.7	305387	131.5
76.2	-76.3	50.0	108.6	305183	131.3
75.9	-75.9	50.0	108.8	305576	131.4
75.5	-75.6	50.0	108.7	305398	131.4
75.1	-75.2	50.0	108.5	304839	131.0
74.8	-74.8	50.0	108.4	304570	131.0
74.4	-74.5	50.0	108.3	304397	131.3
74.0	-74.1	50.0	108.4	304589	131.0
73.7	-73.7	50.0	108.1	303769	130.4
73.3	-73.4	50.0	108.4	304500	131.2
72.9	-73.0	50.0	108.7	305369	131.8
72.5	-72.6	50.0	108.7	305305	131.6
72.2	-72.3	50.0	108.5	304758	131.3
71.8	-71.9	50.0	108.6	304993	131.5
71.4	-71.5	50.0	108.8	305574	131.6
71.1	-71.1	50.0	108.9	305867	131.9
70.7	-70.8	50.0	108.7	305370	131.6
70.3	-70.4	50.0	108.5	304807	131.1
70.0	-70.0	50.0	108.3	304180	131.0
69.6	-69.7	50.0	108.2	304053	130.8
69.2	-69.3	50.0	108.4	304545	131.1
68.9	-68.9	50.0	108.8	305570	131.6
68.5	-68.6	50.0	108.6	305211	131.4
68.2	-68.2	50.0	108.8	305559	131.3
67.8	-67.8	50.0	108.8	305573	131.4
67.4	-67.4	50.0	108.5	304846	131.1
67.1	-67.1	50.0	108.4	304423	131.0
66.7	-66.7	50.0	108.9	305869	131.7
66.3	-66.4	50.0	108.8	305685	131.9
66.0	-66.0	50.0	108.5	304725	131.5
65.6	-65.6	50.0	108.6	305158	131.6
65.2	-65.2	50.0	108.9	306049	131.7
64.9	-64.9	50.0	109.0	306141	131.7
64.5	-64.5	50.0	108.9	305962	131.7
64.1	-64.1	50.0	108.8	305702	131.7
63.7	-63.8	50.0	108.8	305579	131.6
63.4	-63.4	50.0	108.6	305035	131.2
63.0	-63.1	50.0	108.9	306050	131.6
62.6	-62.7	50.0	108.6	304962	131.2
62.3	-62.3	50.0	108.5	304717	131.2
61.9	-62.0	50.0	108.7	305450	131.3
61.5	-61.6	50.0	108.5	304849	131.2
61.2	-61.2	50.0	108.7	305290	131.4
60.8	-60.9	50.0	108.6	305238	131.3
60.4	-60.5	50.0	108.8	305747	131.5
60.1	-60.1	50.0	109.1	306525	131.8
59.7	-59.8	50.0	108.6	305185	131.5
59.3	-59.4	50.0	108.7	305247	131.1
59.0	-59.0	50.0	108.5	304777	130.9
58.6	-58.7	50.0	108.5	304818	131.2
58.2	-58.3	50.0	108.8	305550	131.7
57.9	-57.9	50.0	108.7	305475	131.5
57.5	-57.5	50.0	108.9	305857	131.3
57.1	-57.2	50.0	108.8	305747	131.6
56.8	-56.8	50.0	109.0	306232	131.5
56.4	-56.4	50.0	108.6	305113	131.0
56.0	-56.1	50.0	108.8	305707	131.4
55.7	-55.7	50.0	108.7	305362	131.3
55.3	-55.3	50.0	108.7	305303	131.3
55.0	-55.0	50.0	108.9	305981	131.5
54.6	-54.6	50.0	108.9	306042	131.6
54.2	-54.3	50.0	108.9	305991	131.8
53.8	-53.9	50.0	108.5	304870	131.1
53.5	-53.5	50.0	108.5	304695	130.9
53.1	-53.2	50.0	108.7	305457	131.5
52.7	-52.8	50.0	108.7	305495	131.4
52.3	-52.4	50.0	108.5	304878	131.0
52.0	-52.1	50.0	108.4	304651	130.9
51.6	-51.7	50.0	108.6	305180	131.4
51.2	-51.3	50.0	108.7	305413	131.5
50.8	-51.0	50.0	108.8	305745	131.5
50.5	-50.6	50.0	108.9	305932	131.4
50.1	-50.2	50.0	108.9	305868	131.5
49.7	-49.8	50.0	109.0	306157	131.6
49.4	-49.5	50.0	109.3	307177	132.1
49.0	-49.1	50.0	109.1	306583	131.8
48.6	-48.8	50.0	109.4	307226	132.0
48.3	-48.4	50.0	109.1	306440	131.7
47.9	-48.0	50.0	109.0	306329	131.8
47.6	-47.6	50.0	109.0	306140	131.7
47.2	-47.3	50.0	109.1	306504	132.1
46.8	-46.9	50.0	109.1	306538	131.8
46.4	-46.5	50.0	109.5	307689	132.2
46.1	-46.1	50.0	109.2	306712	131.7
45.7	-45.8	50.0	109.0	306338	131.5
45.4	-45.4	50.0	109.3	307027	132.0
45.0	-45.0	50.0	109.0	306344	132.1
44.6	-44.7	50.0	109.2	306894	132.0
44.3	-44.3	50.0	109.1	306503	131.8
43.9	-43.9	50.0	109.4	307246	132.4
43.5	-43.5	50.0	109.5	307581	132.4
43.2	-43.2	50.0	109.0	306322	132.0
42.8	-42.8	50.0	109.4	307234	132.2
42.4	-42.5	50.0	109.3	306988	132.3
42.1	-42.1	50.0	109.5	307761	132.6
41.7	-41.7	50.0	109.3	307069	132.5
41.3	-41.4	50.0	109.0	306334	132.0
40.9	-41.0	50.0	109.0	306310	131.8
40.6	-40.6	50.0	109.2	306798	132.1
40.2	-40.2	50.0	109.3	306977	132.4
39.8	-39.9	50.0	109.3	306960	132.1
39.5	-39.5	50.0	109.3	307025	132.1
39.1	-39.1	50.0	109.4	307326	132.1
38.7	-38.8	50.0	109.3	307154	131.9
38.4	-38.4	50.0	109.0	306105	131.8
38.0	-38.0	50.0	109.3	306972	132.2
37.6	-37.7	50.0	108.9	305959	131.8
37.2	-37.3	50.0	108.9	305941	131.7
36.9	-36.9	50.0	109.0	306106	131.6
36.5	-36.6	50.0	109.4	307454	132.2
36.2	-36.2	50.0	109.3	307039	132.0
35.8	-35.9	50.0	109.2	306830	132.0
35.4	-35.5	50.0	109.4	307233	131.9
35.1	-35.1	50.0	109.4	307350	132.2
34.7	-34.8	50.0	109.6	307823	132.3
34.3	-34.4	50.0	109.2	306787	132.0
34.0	-34.0	50.0	109.3	307088	132.0
33.6	-33.7	50.0	109.3	307070	132.2
33.2	-33.3	50.0	109.2	306741	131.9
32.9	-32.9	50.0	109.3	307128	132.4
32.5	-32.6	50.0	109.2	306914	131.9
32.1	-32.2	50.0	109.0	306352	131.8
31.7	-31.8	50.0	109.1	306501	131.9
31.4	-31.5	50.0	109.3	307083	132.2
31.0	-31.1	50.0	109.2	306885	131.8
30.6	-30.7	50.0	108.8	305621	131.4
30.3	-30.4	50.0	108.8	305603	131.5
29.9	-30.0	50.0	108.9	305868	131.7
29.6	-29.6	50.0	109.3	307082	132.3
29.2	-29.3	50.0	109.2	306771	132.0
28.8	-28.9	50.0	109.0	306329	131.4
28.4	-28.5	50.0	108.8	305606	131.4
28.1	-28.1	50.0	109.2	306845	131.9
27.7	-27.8	50.0	109.1	306586	131.9
27.3	-27.4	50.0	109.2	306901	131.8
27.0	-27.0	50.0	109.1	306640	131.9
26.6	-26.7	50.0	109.0	306190	131.8
26.2	-26.3	50.0	109.0	306188	131.8
25.9	-25.9	50.0	109.0	306330	131.6
25.5	-25.6	50.0	109.0	306163	131.6
25.1	-25.2	50.0	108.9	305903	131.9
24.7	-24.8	50.0	109.1	306458	132.0
24.3	-24.4	50.0	109.0	306195	131.9
24.0	-24.1	50.0	109.1	306451	131.7
23.6	-23.7	50.0	108.9	306083	131.5
23.2	-23.3	50.0	109.0	306305	131.8
22.9	-23.0	50.0	109.1	306524	132.2
22.5	-22.6	50.0	109.2	306848	132.2
22.2	-22.2	50.0	109.2	306687	131.9
21.8	-21.8	50.0	109.3	307170	132.0
21.4	-21.5	50.0	108.9	306004	131.5
21.1	-21.1	50.0	109.2	306885	132.0
20.7	-20.7	50.0	108.9	306015	131.5
20.3	-20.4	50.0	108.8	305543	131.6
20.0	-20.0	50.0	109.1	306394	131.9
19.6	-19.6	50.0	108.6	305062	131.1
19.2	-19.3	50.0	108.8	305578	131.4
18.9	-18.9	50.0	109.1	306575	132.0
18.5	-18.6	50.0	109.0	306133	132.1
18.1	-18.2	50.0	108.9	306068	131.7
17.7	-17.8	50.0	109.3	306999	132.0
17.4	-17.5	50.0	108.9	305944	131.8
17.0	-17.1	50.0	109.0	306199	131.5
16.6	-16.8	50.0	109.0	306171	131.5
16.2	-16.4	50.0	108.8	305792	131.6
15.9	-16.0	50.0	108.8	305695	131.3
15.5	-15.7	50.0	108.7	305300	131.3
15.1	-15.3	50.0	108.8	305772	131.5
14.7	-14.9	50.0	108.7	305515	131.4
14.4	-14.6	50.0	108.9	305842	131.4
14.0	-14.2	50.0	108.8	305564	131.8
13.6	-13.8	50.0	108.7	305437	131.4
13.3	-13.5	50.0	108.7	305415	131.4
12.9	-13.1	50.0	108.8	305554	131.4
12.5	-12.8	50.0	108.8	305799	131.5
12.2	-12.4	50.0	108.8	305635	131.7
11.8	-12.0	50.0	108.9	305846	131.6
11.5	-11.6	50.0	108.9	306010	131.9
11.1	-11.3	50.0	108.9	305923	131.9
10.7	-10.9	50.0	108.9	306052	131.5
10.3	-10.5	50.0	109.0	306299	132.0
10.0	-10.1	50.0	109.0	306160	131.6
9.6	-9.8	50.0	108.9	306040	131.8
9.3	-9.4	50.0	108.8	305770	131.5
8.9	-9.0	50.0	108.8	305795	131.5
8.5	-8.6	50.0	109.0	306156	131.6
8.1	-8.3	50.0	108.9	306081	131.7
7.7	-7.9	50.0	109.0	306229	131.7
7.4	-7.5	50.0	108.7	305323	131.3
7.0	-7.2	50.0	108.6	305220	131.2
6.7	-6.8	50.0	108.8	305568	131.5
6.4	-6.4	50.0	108.8	305786	131.6
6.0	-6.0	50.0	108.8	305767	131.6
5.6	-5.7	50.0	109.0	306110	131.7
5.3	-5.3	50.0	108.9	305927	131.6
4.9	-4.9	50.0	108.9	306039	131.5
4.6	-4.5	50.0	108.7	305484	131.4
4.2	-4.2	50.0	108.8	305546	131.5
3.8	-3.8	50.0	108.9	305850	131.6
3.5	-3.5	50.0	108.8	305594	131.3
3.1	-3.1	50.0	108.5	304862	131.3
2.7	-2.7	50.0	108.4	304401	130.8
2.3	-2.4	50.0	108.5	304873	130.8
2.0	-2.0	50.0	108.4	304537	131.0
1.6	-1.6	50.0	108.6	305209	131.3
1.2	-1.3	50.0	108.9	305818	131.7
0.9	-0.9	50.0	108.5	304827	131.0
0.5	-0.6	50.0	108.3	304156	130.7
0.1	-0.2	50.0	108.2	304063	130.7
-0.2	0.2	50.0	108.3	304231	130.8
-0.6	0.5	50.0	108.4	304506	131.1
-1.0	0.9	50.0	108.3	304278	130.9
-1.3	1.2	50.0	108.4	304482	130.9
-1.7	1.6	50.0	108.3	304306	131.2
-2.0	2.0	50.0	108.4	304668	130.8
-2.4	2.4	50.0	108.4	304597	131.0
-2.8	2.7	50.0	108.5	304834	131.0
-3.1	3.1	50.0	108.4	304671	131.1
-3.5	3.5	50.0	108.5	304925	131.3
-3.8	3.8	50.0	108.6	305159	131.3
-4.2	4.2	50.0	108.5	304759	131.0
-4.6	4.6	50.0	108.7	305459	131.3
-5.0	4.9	50.0	108.8	305561	131.5
-5.3	5.3	50.0	108.9	305848	131.5
-5.7	5.7	50.0	108.9	305873	131.5
-6.1	6.0	50.0	109.0	306241	131.6
-6.4	6.4	50.0	108.8	305596	131.5
-6.8	6.8	50.0	108.6	305113	131.2
-7.2	7.1	50.0	108.6	305182	131.0
-7.5	7.5	50.0	108.9	305925	131.6
-7.9	7.9	50.0	109.1	306565	131.7
-8.3	8.2	50.0	109.1	306544	131.8
-8.6	8.6	50.0	108.9	305921	131.5
-9.0	9.0	50.0	109.1	306405	131.3
-9.4	9.3	50.0	109.0	306314	131.7
-9.7	9.7	50.0	108.9	306069	131.4
-10.1	10.0	50.0	109.1	306516	131.5
-10.5	10.4	50.0	109.0	306172	131.7
-10.9	10.8	50.0	109.2	306737	132.0
-11.2	11.2	50.0	109.0	306358	131.8
-11.6	11.5	50.0	108.7	305390	131.3
-11.9	11.9	50.0	108.5	304869	131.4
-12.3	12.2	50.0	108.4	304646	131.4
-12.7	12.6	50.0	108.3	304337	131.3
-13.0	12.9	50.0	108.5	304960	131.6
-13.4	13.3	50.0	108.6	305215	131.5
-13.8	13.7	50.0	108.6	305088	131.2
-14.1	14.1	50.0	108.5	304752	131.1
-14.5	14.4	50.0	108.6	305161	131.4
-14.9	14.8	50.0	108.5	304892	130.9
-15.2	15.2	50.0	108.5	304892	131.0
-15.6	15.5	50.0	108.5	304713	131.2
-15.9	15.9	50.0	108.6	305099	131.2
-16.3	16.2	50.0	108.7	305260	131.0
-16.7	16.6	50.0	108.8	305655	131.3
-17.1	17.0	50.0	108.5	304930	131.3
-17.4	17.3	50.0	109.1	306427	131.8
-17.8	17.7	50.0	108.9	305908	131.8
-18.1	18.1	50.0	108.7	305463	131.5
-18.5	18.4	50.0	108.8	305607	131.4
-18.8	18.8	50.0	108.5	304773	131.0
-19.2	19.2	50.0	108.5	304923	131.1
-19.6	19.6	50.0	108.6	305135	131.4
-20.0	19.9	50.0	108.6	305221	131.2
-20.3	20.3	50.0	109.1	306413	131.9
-20.7	20.7	50.0	108.8	305571	131.6
-21.1	21.0	50.0	108.8	305598	131.3
-21.5	21.4	50.0	108.8	305593	131.6
-21.8	21.7	50.0	109.0	306263	131.5
-22.2	22.1	50.0	109.1	306441	131.6
-22.6	22.5	50.0	109.1	306492	131.9
-23.0	22.9	50.0	108.9	306047	131.5
-23.4	23.2	50.0	108.9	306050	131.5
-23.7	23.6	50.0	108.8	305591	131.6
-24.1	24.0	50.0	108.7	305418	131.6
-24.5	24.4	50.0	108.9	305992	131.6
-24.8	24.7	50.0	108.8	305591	131.7
-25.2	25.1	50.0	108.7	305261	131.2
-25.6	25.5	50.0	108.9	306003	131.5
-26.0	25.8	50.0	109.1	306570	131.9
-26.3	26.2	50.0	109.0	306339	131.8
-26.7	26.6	50.0	109.0	306358	131.9
-27.0	26.9	50.0	109.1	306603	132.1
-27.4	27.3	50.0	109.1	306376	131.9
-27.8	27.7	50.0	109.0	306195	131.9
-28.1	28.0	50.0	108.8	305768	131.7
-28.5	28.4	50.0	109.0	306288	131.7
-28.9	28.8	50.0	108.9	305903	131.6
-29.2	29.2	50.0	109.0	306242	131.7
-29.6	29.5	50.0	108.9	305967	131.5
-29.9	29.9	50.0	108.9	305943	131.4
-30.3	30.3	50.0	109.1	306394	131.5
-30.7	30.6	50.0	109.3	307030	131.9
-31.0	31.0	50.0	109.0	306337	131.8
-31.4	31.4	50.0	109.0	306241	131.9
-31.8	31.7	50.0	109.0	306162	131.6
-32.2	32.1	50.0	109.1	306487	131.6
-32.5	32.5	50.0	109.0	306231	131.7
-32.9	32.8	50.0	109.1	306374	131.9
-33.3	33.2	50.0	109.2	306779	131.9
-33.6	33.6	50.0	109.2	306875	131.8
-34.0	33.9	50.0	109.0	306230	131.8
-34.4	34.3	50.0	108.9	306023	131.7
-34.8	34.7	50.0	108.8	305773	131.5
-35.2	35.1	50.0	108.9	305827	131.8
-35.5	35.4	50.0	108.9	305997	131.7
-35.9	35.8	50.0	109.2	306679	132.0
-36.3	36.2	50.0	109.0	306221	131.7
-36.6	36.5	50.0	109.4	307247	132.1
-37.0	36.9	50.0	109.4	307276	132.4
-37.4	37.3	50.0	109.4	307261	132.0
-37.7	37.6	50.0	109.3	306941	132.2
-38.1	38.0	50.0	109.2	306720	131.9
-38.5	38.4	50.0	109.1	306526	132.0
-38.8	38.7	50.0	109.3	306988	131.7
-39.2	39.1	50.0	109.3	307081	131.8
-39.6	39.5	50.0	109.3	306952	131.9
-39.9	39.8	50.0	109.2	306802	131.9
-40.3	40.2	50.0	109.3	307045	132.0
-40.6	40.6	50.0	109.1	306548	131.7
-41.0	40.9	50.0	109.0	306134	131.6
-41.4	41.3	50.0	109.2	306848	131.9
-41.8	41.7	50.0	109.1	306587	131.7
-42.1	42.0	50.0	109.1	306619	131.8
-42.5	42.4	50.0	109.2	306754	132.0
-42.9	42.8	50.0	108.9	306060	131.8
-43.3	43.1	50.0	108.8	305707	131.7
-43.6	43.5	50.0	108.9	306038	131.7
-44.0	43.9	50.0	109.0	306105	131.7
-44.4	44.2	50.0	109.2	306899	132.1
-44.7	44.6	50.0	109.2	306811	131.7
-45.1	45.0	50.0	109.3	306975	132.0
-45.4	45.3	50.0	109.2	306920	131.8
-45.8	45.7	50.0	109.0	306339	131.6
-46.2	46.1	50.0	109.0	306165	131.5
-46.6	46.4	50.0	109.0	306147	131.8
-46.9	46.8	50.0	109.1	306433	131.8
-47.3	47.2	50.0	109.2	306678	131.8
-47.7	47.5	50.0	109.2	306713	131.8
-48.0	47.9	50.0	109.3	306986	131.9
-48.4	48.3	50.0	108.9	306079	131.4
-48.7	48.6	50.0	108.9	305961	131.5
-49.1	49.0	50.0	108.6	305051	131.3
-49.5	49.4	50.0	108.6	305162	131.4
-49.9	49.7	50.0	108.5	304921	131.4
-50.2	50.1	50.0	109.0	306362	131.8
-50.6	50.5	50.0	108.9	305927	131.6
-51.0	50.9	50.0	109.0	306262	131.7
-51.3	51.2	50.0	108.6	305202	131.4
-51.7	51.6	50.0	108.5	304692	131.3
-52.0	52.0	50.0	108.8	305639	131.5
-52.4	52.3	50.0	108.8	305791	131.4
-52.8	52.7	50.0	108.7	305404	131.3
-53.1	53.1	50.0	108.7	305386	131.3
-53.5	53.4	50.0	108.5	304937	131.2
-53.9	53.8	50.0	108.5	304877	131.3
-54.2	54.2	50.0	108.5	304874	131.1
-54.6	54.5	50.0	108.7	305519	131.5
-55.0	54.9	50.0	108.7	305454	131.5
-55.3	55.3	50.0	108.5	304763	131.1
-55.7	55.6	50.0	108.3	304197	130.9
-56.1	56.0	50.0	108.7	305456	131.4
-56.5	56.4	50.0	108.6	305140	131.3
-56.8	56.7	50.0	108.7	305490	131.4
-57.2	57.1	50.0	108.6	304992	131.4
-57.6	57.5	50.0	108.7	305246	131.3
-57.9	57.8	50.0	108.7	305511	131.2
-58.3	58.2	50.0	108.7	305253	131.6
-58.7	58.6	50.0	108.8	305609	131.6
-59.0	58.9	50.0	108.7	305409	131.3
-59.4	59.3	50.0	108.9	306023	131.5
-59.8	59.7	50.0	108.8	305724	131.4
-60.1	60.0	50.0	108.8	305708	131.4
-60.5	60.4	50.0	108.6	305039	131.2
-60.8	60.8	50.0	108.8	305612	131.6
-61.2	61.2	50.0	108.6	304995	131.2
-61.6	61.5	50.0	108.3	304192	130.7
-62.0	61.9	50.0	108.5	304926	131.1
-62.3	62.3	50.0	108.6	305170	131.2
-62.7	62.6	50.0	108.6	305082	131.1
-63.1	63.0	50.0	108.6	305057	131.2
-63.4	63.4	50.0	108.5	304753	131.1
-63.8	63.8	50.0	108.6	305226	131.4
-64.2	64.1	50.0	108.5	304931	131.1
-64.5	64.5	50.0	108.7	305340	131.2
-64.9	64.9	50.0	108.6	304975	131.1
-65.3	65.2	50.0	108.7	305491	131.4
-65.6	65.6	50.0	108.6	305041	131.2
-66.0	65.9	50.0	108.8	305542	131.4
-66.4	66.3	50.0	108.6	305110	131.3
-66.7	66.7	50.0	108.9	305855	131.6
-67.1	67.1	50.0	108.9	305806	131.6
-67.5	67.4	50.0	108.5	304875	131.2
-67.9	67.8	50.0	108.4	304541	131.1
-68.2	68.1	50.0	108.5	304803	131.0
-68.6	68.5	50.0	108.3	304386	131.0
-69.0	68.9	50.0	108.5	304815	131.2
-69.3	69.2	50.0	108.7	305352	131.5
-69.7	69.6	50.0	108.9	305925	131.7
-70.0	70.0	50.0	108.8	305524	131.3
-70.4	70.4	50.0	108.6	305140	131.3
-70.8	70.7	50.0	108.3	304357	131.1
-71.2	71.1	50.0	108.7	305265	131.3
-71.5	71.5	50.0	108.9	305981	131.4
-71.9	71.8	50.0	108.6	305193	131.2
-72.3	72.2	50.0	108.6	305162	130.9
-72.6	72.5	50.0	108.6	305145	131.0
-73.0	72.9	50.0	108.7	305273	131.1
-73.4	73.3	50.0	108.3	304212	130.8
-73.7	73.7	50.0	108.4	304541	130.9
-74.1	74.0	50.0	108.4	304567	131.2
-74.5	74.4	50.0	108.4	304633	131.4
-74.8	74.8	50.0	108.2	303862	131.0
-75.2	75.1	50.0	108.3	304144	131.2
-75.6	75.5	50.0	108.3	304380	130.9
-75.9	75.9	50.0	108.4	304423	131.1
-76.3	76.3	50.0	108.4	304550	131.0
-76.6	76.6	50.0	108.3	304159	130.9
-77.0	77.0	50.0	108.1	303744	130.9
-77.4	77.4	50.0	108.1	303767	130.5
-77.8	77.7	50.0	108.4	304416	130.8
-78.1	78.1	50.0	108.5	304824	130.9
-78.5	78.5	50.0	108.2	303950	130.8
-78.9	78.8	50.0	108.4	304474	131.1
-79.2	79.2	50.0	108.3	304239	131.0
-79.6	79.6	50.0	108.4	304666	130.9
-80.0	79.9	50.0	108.3	304354	130.8
-80.3	80.3	50.0	108.5	304898	130.9
-80.7	80.6	50.0	108.9	305837	131.4
-81.1	81.0	50.0	108.8	305624	131.4
-81.4	81.4	50.0	108.7	305474	131.1
-81.8	81.7	50.0	108.6	305090	131.1
-82.2	82.1	50.0	108.4	304458	130.9
-82.5	82.5	50.0	108.3	304268	131.1
-82.9	82.9	50.0	108.4	304444	131.1
-83.3	83.2	50.0	108.6	305065	131.1
-83.7	83.6	50.0	108.7	305416	131.3
-84.0	83.9	50.0	108.7	305421	131.3
-84.4	84.3	50.0	108.9	305811	131.4
-84.8	84.7	50.0	108.5	304919	131.2
-85.1	85.0	50.0	108.3	304396	131.0
-85.5	85.4	50.0	108.5	304746	131.0
-85.9	85.8	50.0	108.6	305142	131.2
-86.3	86.2	50.0	108.7	305412	131.2
-86.6	86.5	50.0	108.9	305903	131.6
-87.0	86.9	50.0	108.8	305762	131.4
-87.3	87.2	50.0	108.6	305027	131.0
-87.7	87.6	50.0	108.5	304826	130.9
-88.1	88.0	50.0	108.5	304935	131.4
-88.4	88.4	50.0	108.7	305498	131.4
-88.8	88.7	50.0	109.0	306233	131.9
-89.2	89.1	50.0	108.7	305515	131.6
-89.5	89.5	50.0	108.7	305273	131.4
-89.9	89.8	50.0	108.6	305168	131.4
-90.2	90.2	50.0	108.7	305463	131.6
-90.6	90.6	50.0	109.0	306269	131.5
-91.0	90.9	50.0	108.8	305730	131.5
-91.4	91.3	50.0	108.6	305150	131.3
-91.7	91.7	50.0	108.8	305736	131.5
-92.1	92.0	50.0	108.8	305643	131.3
-92.5	92.4	50.0	108.9	305813	131.5
-92.9	92.8	50.0	108.8	305619	131.6
-93.2	93.1	50.0	109.0	306141	131.7
-93.6	93.5	50.0	109.3	307109	132.0
-94.0	93.9	50.0	109.2	306862	132.1
-94.3	94.3	50.0	109.0	306319	131.9
-94.7	94.6	50.0	109.0	306327	131.6
-95.1	95.0	50.0	109.4	307267	131.9
-95.4	95.4	50.0	109.5	307763	132.3
-95.8	95.7	50.0	109.4	307282	132.0
-96.2	96.1	50.0	109.4	307379	132.2
-96.5	96.5	50.0	109.2	306809	131.6
-96.9	96.8	50.0	108.7	305475	131.5
-97.3	97.2	50.0	109.1	306458	131.6
-97.6	97.6	50.0	109.0	306216	131.9
-98.0	97.9	50.0	109.2	306798	132.0
-98.4	98.3	50.0	109.6	307997	132.6
-98.7	98.7	50.0	109.4	307285	132.4
-99.1	99.0	50.0	109.6	307797	132.5
-99.4	99.4	50.0	109.5	307596	132.2
-99.8	99.8	50.0	109.2	306786	132.1
-100.2	100.1	50.0	109.3	307166	132.2
-100.6	100.5	50.0	109.4	307359	132.0
-100.9	100.9	50.0	109.4	307227	132.3
-101.3	101.2	50.0	109.6	308000	132.5
-101.7	101.6	50.0	109.4	307366	131.8
-102.0	102.0	50.0	109.5	307747	132.3
-102.4	102.3	50.0	109.7	308176	132.5
-102.8	102.7	50.0	109.6	307805	132.5
-103.2	103.1	50.0	109.8	308498	132.5
-103.5	103.4	50.0	109.9	308704	132.4
-103.9	103.8	50.0	109.9	308830	132.6
-104.3	104.2	50.0	109.7	308271	132.5
-104.7	104.6	50.0	109.8	308348	132.8
-105.0	104.9	50.0	109.8	308557	132.8
-105.4	105.3	50.0	109.8	308347	132.7
-105.7	105.6	50.0	109.8	308388	132.7
-106.1	106.0	50.0	109.8	308612	132.9
-106.5	106.4	50.0	110.2	309590	133.3
-106.9	106.8	50.0	110.1	309238	133.1
-107.2	107.1	50.0	110.4	310057	133.6
-107.6	107.5	50.0	110.0	308945	133.0
-107.9	107.9	50.0	109.7	308079	132.5
-108.3	108.2	50.0	110.1	309238	132.9
-108.6	108.6	50.0	110.1	309438	133.0
-109.0	109.0	50.0	110.3	309781	133.1
-109.4	109.3	50.0	110.4	310230	133.4
-109.8	109.7	50.0	110.3	309934	133.0
-110.2	110.1	50.0	110.1	309402	133.1
-110.5	110.4	50.0	110.0	309000	132.9
-110.9	110.8	50.0	110.3	309876	133.0
-111.3	111.2	50.0	110.1	309221	133.2
-111.6	111.5	50.0	110.1	309397	133.2
-112.0	111.9	50.0	110.2	309568	133.3
-112.3	112.3	50.0	110.1	309408	133.1
-112.7	112.6	50.0	110.3	309797	133.1
-113.1	113.0	50.0	110.2	309535	133.3
-113.4	113.4	50.0	110.2	309523	133.0
-113.8	113.7	50.0	110.0	308996	133.1
-114.2	114.1	50.0	110.0	308911	132.7
-114.5	114.4	50.0	110.1	309347	133.0
-114.9	114.8	50.0	110.0	308966	132.7
-115.2	115.2	50.0	109.8	308577	132.8
-115.6	115.6	50.0	109.9	308823	133.0
-116.0	115.9	50.0	110.0	309025	132.8
-116.4	116.3	50.0	109.9	308840	133.1
-116.7	116.7	50.0	110.1	309220	133.0
-117.1	117.0	50.0	109.8	308605	132.8
-117.5	117.4	50.0	109.6	307874	132.2
-117.8	117.8	50.0	109.9	308773	132.7
-118.2	118.1	50.0	110.0	308946	133.0
-118.6	118.5	50.0	110.0	309035	132.8
-119.0	118.9	50.0	109.6	307848	132.8
-119.4	119.3	50.0	109.8	308378	132.7
-119.7	119.6	50.0	110.0	309089	133.1
-120.1	120.0	50.0	110.0	308916	132.8
-120.4	120.4	50.0	109.9	308777	132.6
-120.8	120.7	50.0	109.7	308311	132.3
-121.2	121.1	50.0	110.1	309305	132.8
-121.6	121.5	50.0	110.1	309446	132.9
-121.9	121.8	50.0	110.0	308950	133.1
-122.3	122.2	50.0	109.7	308169	132.6
-122.7	122.6	50.0	109.8	308440	132.5
-123.0	122.9	50.0	109.8	308385	132.5
-123.4	123.3	50.0	109.8	308468	132.8
-123.7	123.7	50.0	109.9	308751	133.0
-124.1	124.0	50.0	109.8	308411	132.9
-124.5	124.4	50.0	109.7	308143	132.6
-124.8	124.8	50.0	109.5	307669	132.6
-125.2	125.1	50.0	109.6	307868	132.7
-125.6	125.5	50.0	109.7	308152	132.5
-125.9	125.9	50.0	109.6	307976	132.2
-126.3	126.2	50.0	109.8	308504	132.8
-126.7	126.6	50.0	109.7	308141	132.7
-127.0	127.0	50.0	109.7	308142	132.4
-127.4	127.3	50.0	109.6	307920	132.3
-127.7	127.7	50.0	109.9	308834	132.6
-128.1	128.1	50.0	109.9	308733	132.6
-128.5	128.5	50.0	109.5	307716	132.4
-128.9	128.8	50.0	109.8	308507	132.7
-129.3	129.2	50.0	110.0	308919	133.0
-129.6	129.6	50.0	110.0	308921	132.9
-130.0	129.9	50.0	109.8	308444	133.0
-130.4	130.3	50.0	109.6	307952	132.7
-130.7	130.7	50.0	109.6	307962	132.5
-131.1	131.0	50.0	109.8	308548	132.7
-131.5	131.4	50.0	109.5	307658	132.6
-131.8	131.8	50.0	109.7	308079	132.3
-132.2	132.1	50.0	109.8	308525	132.7
-132.6	132.5	50.0	109.9	308739	132.7
-132.9	132.9	50.0	110.0	309095	132.6
-133.3	133.3	50.0	109.7	308253	132.6
-133.7	133.6	50.0	109.5	307695	132.4
-134.0	134.0	50.0	110.0	308932	132.9
-134.4	134.3	50.0	109.8	308531	132.7
-134.8	134.7	50.0	109.7	308230	132.7
-135.1	135.1	50.0	109.7	308117	132.6
-135.5	135.4	50.0	109.8	308351	132.7
-135.9	135.8	50.0	109.8	308418	132.7
-136.2	136.2	50.0	109.9	308622	132.8
-136.6	136.5	50.0	109.8	308475	132.7
-137.0	136.9	50.0	109.7	308123	132.8
-137.4	137.3	50.0	109.7	308330	132.7
-137.7	137.7	50.0	109.9	308642	132.8
-138.1	138.0	50.0	109.8	308396	132.7
-138.5	138.4	50.0	110.0	308907	132.7
-138.8	138.8	50.0	109.9	308632	132.9
-139.2	139.1	50.0	110.1	309279	133.0
-139.5	139.5	50.0	109.9	308779	133.2
-139.9	139.8	50.0	109.9	308613	133.1
-140.3	140.2	50.0	109.7	308225	132.8
-140.7	140.6	50.0	110.0	308983	132.9
-141.1	140.9	50.0	109.7	308080	132.5
-141.5	141.3	50.0	110.0	308990	132.8
-141.8	141.7	50.0	110.0	309136	132.7
-142.2	142.1	50.0	110.2	309569	133.1
-142.6	142.4	50.0	109.7	308098	132.6
-143.0	142.8	50.0	109.7	308096	132.4
-143.3	143.2	50.0	109.7	308316	132.5
-143.7	143.5	50.0	109.7	308235	132.5
-144.1	143.9	50.0	110.0	308935	132.8
-144.4	144.3	50.0	110.2	309582	132.8
-144.8	144.6	50.0	110.0	309103	132.7
-145.1	145.0	50.0	109.8	308556	132.9
-145.5	145.4	50.0	109.3	307193	132.3
-145.9	145.7	50.0	109.6	307785	132.3
-146.3	146.1	50.0	109.9	308672	132.8
-146.6	146.5	50.0	109.8	308475	132.7
-147.0	146.9	50.0	109.6	307895	132.5
-147.4	147.2	50.0	109.7	308155	132.4
-147.7	147.6	50.0	109.6	307871	132.4
-148.1	148.0	50.0	109.9	308726	132.4
-148.4	148.3	50.0	109.5	307724	132.4
-148.9	148.7	50.0	109.5	307633	132.3
-149.2	149.1	50.0	109.2	306776	132.2
-149.5	149.4	50.0	109.0	306269	132.0
-149.8	149.8	50.0	109.3	307017	132.1
-150.1	150.1	50.0	109.3	307111	132.1
-150.5	150.5	50.0	109.5	307506	132.1
-150.8	150.9	50.0	109.3	307024	132.0
-151.2	151.3	50.0	109.2	306664	131.8
-151.5	151.7	50.0	109.4	307374	132.0
-151.9	152.0	50.0	109.1	306602	131.9
-152.3	152.4	50.0	108.8	305741	131.5
-152.6	152.7	50.0	109.0	306277	131.7
-153.0	153.1	50.0	109.0	306133	131.7
-153.3	153.5	50.0	108.8	305590	131.4
-153.7	153.9	50.0	108.7	305503	131.4
-154.0	154.3	50.0	108.7	305442	131.3
-154.4	154.6	50.0	108.8	305654	131.5
-154.8	155.0	50.0	108.8	305526	131.4
-155.2	155.3	50.0	109.2	306760	131.8
-155.6	155.7	50.0	109.4	307219	132.0
-155.9	156.1	50.0	109.1	306518	131.7
-156.3	156.4	50.0	109.2	306793	131.9
-156.7	156.8	50.0	109.7	308243	132.3
-157.1	157.2	50.0	109.5	307740	132.3
-157.5	157.6	50.0	109.4	307328	132.2
-157.9	157.9	50.0	109.6	307804	132.4
-158.3	158.3	50.0	109.5	307694	132.3
-158.6	158.6	50.0	109.6	307951	132.5
-159.1	159.0	50.0	109.7	308225	132.5
-159.5	159.4	50.0	109.8	308612	132.6
-159.9	159.7	50.0	109.7	308189	132.5
-160.3	160.0	50.0	109.7	308160	132.3
-160.7	160.4	50.0	109.6	308018	132.3
-161.1	160.7	50.0	109.9	308706	132.6
-161.4	161.1	50.0	109.5	307754	132.2
-161.8	161.4	50.0	109.6	307794	132.1
-162.2	161.8	50.0	109.6	307922	132.2
-162.5	162.2	50.0	109.4	307407	132.0
-162.8	162.5	50.0	109.3	306951	131.9
-163.2	162.9	50.0	109.1	306417	131.6
-163.6	163.3	50.0	109.3	306990	131.7
-163.9	163.6	50.0	108.8	305802	131.2
-164.3	164.0	50.0	108.8	305551	131.3
-164.6	164.4	50.0	108.5	304778	130.7
-165.0	164.7	50.0	107.8	302817	130.0
-165.3	165.1	50.0	108.0	303542	130.3
-165.6	165.4	50.0	108.0	303453	130.7
-166.0	165.8	50.0	107.6	302388	130.2
-166.3	166.2	50.0	107.6	302356	129.8
-166.7	166.6	50.0	107.2	301227	129.4
-167.1	166.9	50.0	106.8	300173	129.0
-167.4	167.3	50.0	106.8	299905	129.0
-167.8	167.7	50.0	106.7	299889	129.0
-168.1	168.0	50.0	106.4	298961	128.7
-168.5	168.4	50.0	106.0	297741	128.1
-168.8	168.8	50.0	105.9	297483	127.9
-169.2	169.1	50.0	105.3	295921	127.2
-169.5	169.5	50.0	105.5	296508	127.2
-169.8	169.9	50.0	105.1	295269	126.6
-170.1	170.3	50.0	104.9	294677	126.5
-170.5	170.7	50.0	104.4	293253	126.1
-170.8	171.1	50.0	104.0	292090	125.4
-171.2	171.5	50.0	103.5	290846	125.0
-171.6	171.9	50.0	102.9	289173	124.2
-171.9	172.2	50.0	102.4	287598	123.7
-172.3	172.6	50.0	101.8	286121	122.9
-172.7	173.0	50.0	101.4	284753	122.3
-173.1	173.4	50.0	100.7	282912	121.6
-173.5	173.7	50.0	100.3	281650	121.0
-173.9	174.1	50.0	99.3	278860	120.1
-174.3	174.5	50.0	98.8	277506	119.3
-174.7	174.8	50.0	98.0	275226	118.3
-175.1	175.2	50.0	97.2	272987	117.5
-175.5	175.5	50.0	96.4	270933	116.3
-175.8	175.9	50.0	95.5	268300	115.3
-176.2	176.2	50.0	94.7	266112	114.5
-176.6	176.5	50.0	93.8	263644	113.2
-177.0	176.9	50.0	92.8	260624	112.0
-177.4	177.3	50.0	91.8	257846	110.9
-177.8	177.6	50.0	91.1	255804	110.0
-178.2	178.0	50.0	89.9	252429	108.7
-178.6	178.4	50.0	88.7	249106	107.1
-179.0	178.7	50.0	87.9	246887	106.2
-179.3	179.1	50.0	87.4	245653	105.4
-179.4	179.0	50.0	86.2	242118	104.0
-179.6	179.3	50.0	86.6	243224	104.7
-179.6	179.6	50.0	85.3	239522	102.8
-179.9	179.9	50.0	85.0	238747	102.7
-180.0	179.9	50.0	85.2	239245	102.7
-180.1	180.1	50.0	84.7	237970	102.4
-180.6	180.6	50.0	83.6	234799	101.0
-181.1	181.0	50.0	82.2	231001	99.3
-181.5	181.4	50.0	81.2	228135	98.0
-181.8	181.7	50.0	80.3	225511	97.0
-182.1	182.0	50.0	79.5	223366	96.2
-182.4	182.4	50.0	78.8	221355	95.1
-182.7	182.7	50.0	77.8	218698	94.0
-183.1	183.1	50.0	76.7	215447	92.7
-183.5	183.5	50.0	75.6	212509	91.4
-183.8	183.8	50.0	74.8	210157	90.4
-184.2	184.2	50.0	73.7	206953	88.9
-184.5	184.5	50.0	72.2	202841	87.3
-184.9	184.9	50.0	70.9	199228	85.8
-185.2	185.2	50.0	69.5	195158	84.0
-185.6	185.6	50.0	67.6	189801	81.5
-185.9	186.0	50.0	65.8	184739	79.4
-186.3	186.3	50.0	63.5	178455	76.7
-186.7	186.7	50.0	61.1	171654	73.8
-187.0	187.0	50.0	58.0	163013	70.0
-187.4	187.4	50.0	55.7	156584	67.3
-187.7	187.7	50.0	52.5	147380	63.3
-188.1	188.1	50.0	49.3	138562	59.6
-188.4	188.5	50.0	46.3	130114	55.9
-188.8	188.8	50.0	43.0	120725	51.9
-189.1	189.2	50.0	39.4	110630	47.5
-189.5	189.5	50.0	36.9	103628	44.5
-189.9	189.9	50.0	33.8	95019	40.8
-190.2	190.2	50.0	31.0	87063	37.4
-190.6	190.6	50.0	28.4	79661	34.2
-190.9	190.9	50.0	26.2	73582	31.6
-191.3	191.3	50.0	24.4	68464	29.5
-191.6	191.6	50.0	22.4	63021	27.1
-192.0	192.0	50.0	20.9	58600	25.2
-192.3	192.4	50.0	19.4	54537	23.4
-192.7	192.7	50.0	18.1	50957	21.9
-193.1	193.1	50.0	17.0	47648	20.5
-193.4	193.4	50.0	16.1	45134	19.4
-193.8	193.8	50.0	15.3	42853	18.4
-194.1	194.1	50.0	14.5	40754	17.5
-194.5	194.5	50.0	14.1	39474	17.0
-194.8	194.9	50.0	13.4	37575	16.1
-195.2	195.2	50.0	13.0	36523	15.7
-195.5	195.6	50.0	12.5	35229	15.1
-195.9	195.9	50.0	12.2	34353	14.8
-196.2	196.3	50.0	12.0	33583	14.4
-196.6	196.6	50.0	11.6	32685	14.1
-197.0	197.0	50.0	11.4	32116	13.8
-197.3	197.3	50.0	11.1	31162	13.4
-197.7	197.7	50.0	10.9	30659	13.2
-198.0	198.1	50.0	10.7	30093	12.9
-198.4	198.4	50.0	10.4	29315	12.6
-198.7	198.8	50.0	10.3	28988	12.4
-199.1	199.1	50.0	10.1	28407	12.2
-199.5	199.5	50.0	10.0	27991	12.0
-199.8	199.8	50.0	9.8	27530	11.8
-200.2	200.2	50.0	9.6	27078	11.6
-200.5	200.5	50.0	9.5	26725	11.5
-200.9	200.9	50.0	9.4	26421	11.4
-201.2	201.3	50.0	9.2	25948	11.1
-201.6	201.6	50.0	9.1	25518	11.0
-202.0	202.0	50.0	9.0	25167	10.8
-202.3	202.3	50.0	8.8	24752	10.6
-202.7	202.7	50.0	8.7	24488	10.5
-203.0	203.0	50.0	8.7	24395	10.5
-203.4	203.4	50.0	8.5	23928	10.3
-203.7	203.7	50.0	8.3	23433	10.1
-204.1	204.1	50.0	8.2	23098	9.9
-204.4	204.5	50.0	8.1	22831	9.8
-204.8	204.8	50.0	8.0	22602	9.7
-205.2	205.2	50.0	8.0	22361	9.6
-205.5	205.5	50.0	7.8	22014	9.5
-205.9	205.9	50.0	7.8	21792	9.4
-206.2	206.2	50.0	7.7	21546	9.3
-206.5	206.6	50.0	7.5	21211	9.1
-206.9	207.0	50.0	7.6	21219	9.1
-207.3	207.3	50.0	7.4	20829	9.0
-207.6	207.7	50.0	7.4	20800	8.9
-208.0	208.0	50.0	7.3	20434	8.8
-208.4	208.4	50.0	7.2	20155	8.7
-208.7	208.7	50.0	7.1	19946	8.6
-209.0	209.1	50.0	7.1	19963	8.6
-209.4	209.4	50.0	7.0	19608	8.4
-209.8	209.8	50.0	6.9	19363	8.3
-210.1	210.2	50.0	6.9	19317	8.3
-210.5	210.5	50.0	6.8	19057	8.2
-210.8	210.9	50.0	6.7	18775	8.1
-211.2	211.3	50.0	6.6	18566	8.0
-211.6	211.6	50.0	6.5	18298	7.9
-211.9	211.9	50.0	6.5	18326	7.9
-212.3	212.3	50.0	6.3	17799	7.6
-212.6	212.7	50.0	6.4	17850	7.7
-213.0	213.0	50.0	6.3	17807	7.6
-213.3	213.4	50.0	6.2	17329	7.4
-213.7	213.8	50.0	6.1	17273	7.4
-214.1	214.1	50.0	6.1	17116	7.3
-214.4	214.5	50.0	6.1	17041	7.3
-214.8	214.8	50.0	6.0	16838	7.2
-215.2	215.2	50.0	6.0	16774	7.2
-215.5	215.5	50.0	5.9	16631	7.1
-215.9	215.9	50.0	5.8	16420	7.1
-216.2	216.3	50.0	5.8	16270	7.0
-216.6	216.6	50.0	5.7	15966	6.8
-216.9	217.0	50.0	5.7	15898	6.8
-217.3	217.3	50.0	5.6	15706	6.7
-217.6	217.7	50.0	5.5	15523	6.7
-218.0	218.0	50.0	5.4	15081	6.5
-218.3	218.4	50.0	5.4	15043	6.4
-218.7	218.8	50.0	5.3	14925	6.4
-219.0	219.1	50.0	5.3	14998	6.4
-219.4	219.5	50.0	5.2	14591	6.3
-219.8	219.8	50.0	5.1	14463	6.2
-220.1	220.2	50.0	5.1	14410	6.2
-220.5	220.5	50.0	5.1	14443	6.2
-220.8	220.9	50.0	5.0	14185	6.1
-221.2	221.2	50.0	5.1	14256	6.1
-221.5	221.6	50.0	4.9	13859	5.9
-221.9	221.9	50.0	4.9	13767	5.9
-222.2	222.3	50.0	4.9	13629	5.8
-222.6	222.7	50.0	4.8	13439	5.8
-222.9	223.0	50.0	4.7	13298	5.7
-223.3	223.4	50.0	4.7	13339	5.7
-223.7	223.7	50.0	4.7	13206	5.7
-224.0	224.1	50.0	4.6	13039	5.6
-224.4	224.4	50.0	4.6	12892	5.5
-224.7	224.8	50.0	4.6	12864	5.5
-225.1	225.2	50.0	4.5	12573	5.4
-225.5	225.5	50.0	4.5	12510	5.4
-225.8	225.9	50.0	4.4	12444	5.3
-226.2	226.2	50.0	4.3	12195	5.2
-226.5	226.6	50.0	4.4	12380	5.3
-226.9	226.9	50.0	4.3	12139	5.2
-227.3	227.3	50.0	4.3	12041	5.2
-227.6	227.7	50.0	4.2	11909	5.1
-227.9	228.0	50.0	4.2	11849	5.1
-228.3	228.4	50.0	4.1	11634	5.0
-228.7	228.7	50.0	4.1	11630	5.0
-229.0	229.1	50.0	4.1	11473	4.9
-229.4	229.4	50.0	4.1	11487	4.9
-229.8	229.8	50.0	4.0	11115	4.8
-230.1	230.2	50.0	4.0	11310	4.9
-230.5	230.5	50.0	4.0	11129	4.8
-230.8	230.9	50.0	3.9	10911	4.7
-231.2	231.2	50.0	3.9	10926	4.7
-231.5	231.6	50.0	3.7	10526	4.5
-231.9	231.9	50.0	3.7	10497	4.5
-232.3	232.3	50.0	3.7	10462	4.5
-232.6	232.7	50.0	3.7	10465	4.5
-233.0	233.0	50.0	3.7	10330	4.4
-233.3	233.4	50.0	3.6	10156	4.4
-233.7	233.7	50.0	3.6	10155	4.4
-234.0	234.1	50.0	3.6	9976	4.3
-234.4	234.4	50.0	3.5	9822	4.2
-234.7	234.8	50.0	3.5	9926	4.3
-235.1	235.2	50.0	3.5	9807	4.2
-235.7	235.7	50.0	3.4	9687	4.2


	50.0	3.7	10600	3.8
-233.9	233.9	50.0	3.7	10335	3.7


