08-08-17 15:02:08

Radiation device:	U04 Accelerator
Energy:	6 MV
Controller:	CCU
Measurement device:	NWP484841
Field detector:	Thimble
Reference detector:	Thimble
SAD:	1000 mm
SSD:	1000 mm
Field size:	400 x 400 mm
Gantry angle:	0
Measurement medium:	Water
Scan type:	Crossline
Scan mode:	Continuous

Points [mm]:
Inline	Crossline	Depth	Normalized field	Current field	Ratio
0.0	-230.0	50.0	11.2	31430	9.6
0.0	-229.6	50.0	11.2	31348	9.5
0.0	-228.8	50.0	11.4	32107	9.7
0.0	-228.2	50.0	11.6	32536	9.8
0.0	-227.6	50.0	11.7	32814	9.9
0.0	-227.2	50.0	11.9	33375	10.1
0.0	-226.8	50.0	12.1	33919	10.2
0.0	-226.3	50.0	12.1	33944	10.2
0.0	-225.8	50.0	12.2	34299	10.4
0.0	-225.3	50.0	12.3	34560	10.4
0.0	-224.8	50.0	12.5	35029	10.6
0.0	-224.3	50.0	12.8	35928	10.9
0.0	-223.8	50.0	12.9	36201	10.9
0.0	-223.3	50.0	13.2	37055	11.2
0.0	-222.8	50.0	13.3	37290	11.3
0.0	-222.3	50.0	13.6	38241	11.5
0.0	-221.8	50.0	14.0	39214	11.8
0.0	-221.3	50.0	14.0	39365	11.9
0.0	-220.8	50.0	14.4	40378	12.2
0.0	-220.3	50.0	14.7	41299	12.5
0.0	-220.0	50.0	20.0	43000	20.0
0.0	-219.8	50.0	15.1	42460	12.8
0.0	-219.3	50.0	15.5	43585	13.1
0.0	-218.7	50.0	15.9	44755	13.5
0.0	-218.2	50.0	16.4	46174	14.0
0.0	-217.7	50.0	17.1	47915	14.5
0.0	-217.2	50.0	17.8	49932	15.1
0.0	-216.7	50.0	18.7	52501	15.8
0.0	-216.2	50.0	19.6	55121	16.6
0.0	-215.7	50.0	20.7	58220	17.6
0.0	-215.2	50.0	22.3	62549	18.9
0.0	-214.7	50.0	24.0	67303	20.3
0.0	-214.2	50.0	26.1	73269	22.1
0.0	-213.7	50.0	28.7	80690	24.4
0.0	-213.2	50.0	32.0	89793	27.1
0.0	-212.7	50.0	35.8	100536	30.3
0.0	-212.2	50.0	40.0	112492	33.9
0.0	-211.7	50.0	44.4	124809	37.7
0.0	-211.2	50.0	49.3	138434	41.8
0.0	-210.7	50.0	54.3	152660	46.1
0.0	-210.2	50.0	59.5	167155	50.5
0.0	-209.7	50.0	64.8	181959	54.9
0.0	-209.2	50.0	69.7	195846	59.1
0.0	-208.6	50.0	74.4	209143	63.0
0.0	-208.2	50.0	78.9	221584	66.9
0.0	-207.7	50.0	83.0	233290	70.5
0.0	-207.1	50.0	87.1	244776	73.9
0.0	-206.6	50.0	90.5	254194	76.8
0.0	-206.1	50.0	93.3	262187	79.2
0.0	-205.6	50.0	95.4	267910	80.9
0.0	-205.2	50.0	97.0	272644	82.4
0.0	-204.7	50.0	98.6	276893	83.7
0.0	-204.1	50.0	99.7	280018	84.6
0.0	-203.6	50.0	100.6	282547	85.2
0.0	-203.1	50.0	101.1	284009	85.8
0.0	-202.6	50.0	101.7	285731	86.3
0.0	-202.1	50.0	102.1	286829	86.6
0.0	-201.6	50.0	102.6	288179	87.0
0.0	-201.1	50.0	102.9	289030	87.3
0.0	-200.6	50.0	103.2	289909	87.6
0.0	-200.1	50.0	103.4	290436	87.7
0.0	-199.6	50.0	103.8	291518	88.0
0.0	-199.1	50.0	103.7	291357	88.0
0.0	-198.6	50.0	104.0	292132	88.2
0.0	-198.1	50.0	104.3	293021	88.5
0.0	-197.6	50.0	104.4	293423	88.5
0.0	-197.1	50.0	104.5	293677	88.7
0.0	-196.6	50.0	104.7	294009	88.8
0.0	-196.1	50.0	104.8	294361	88.8
0.0	-195.6	50.0	104.8	294524	88.9
0.0	-195.1	50.0	105.0	295073	89.1
0.0	-194.6	50.0	105.1	295369	89.2
0.0	-194.1	50.0	105.3	295841	89.2
0.0	-193.6	50.0	105.3	295876	89.2
0.0	-193.1	50.0	105.2	295659	89.3
0.0	-192.6	50.0	105.3	295774	89.4
0.0	-192.1	50.0	105.3	295952	89.4
0.0	-191.5	50.0	105.8	297126	89.6
0.0	-191.0	50.0	105.6	296577	89.4
0.0	-190.6	50.0	105.7	297007	89.7
0.0	-190.1	50.0	105.6	296687	89.5
0.0	-189.6	50.0	105.7	296838	89.8
0.0	-189.0	50.0	105.8	297107	89.7
0.0	-188.5	50.0	105.9	297472	89.8
0.0	-188.0	50.0	105.9	297523	89.9
0.0	-187.5	50.0	106.0	297909	90.0
0.0	-187.0	50.0	106.0	297936	90.0
0.0	-186.5	50.0	106.0	297934	90.0
0.0	-186.0	50.0	106.2	298412	90.1
0.0	-185.5	50.0	106.1	297997	90.0
0.0	-185.0	50.0	106.3	298605	90.2
0.0	-184.5	50.0	106.3	298770	90.3
0.0	-184.0	50.0	106.4	298901	90.2
0.0	-183.5	50.0	106.3	298674	90.0
0.0	-183.0	50.0	106.3	298653	90.2
0.0	-182.5	50.0	106.4	298904	90.3
0.0	-182.0	50.0	106.2	298362	90.1
0.0	-181.5	50.0	106.4	298890	90.3
0.0	-181.0	50.0	106.4	299053	90.2
0.0	-180.5	50.0	106.4	298992	90.3
0.0	-180.0	50.0	106.6	299452	90.4
0.0	-179.5	50.0	106.8	299969	90.6
0.0	-178.9	50.0	106.9	300300	90.6
0.0	-178.4	50.0	106.8	300053	90.6
0.0	-177.9	50.0	106.8	300000	90.6
0.0	-177.4	50.0	106.8	300119	90.6
0.0	-176.9	50.0	106.9	300250	90.6
0.0	-176.4	50.0	106.9	300254	90.7
0.0	-175.8	50.0	107.0	300576	90.6
0.0	-175.0	50.0	107.2	301087	90.9
0.0	-174.3	50.0	107.2	301250	91.0
0.0	-173.5	50.0	107.2	301171	90.9
0.0	-172.6	50.0	107.1	300859	90.7
0.0	-172.1	50.0	107.2	301281	90.9
0.0	-171.8	50.0	107.3	301548	90.8
0.0	-171.3	50.0	107.1	300978	90.9
0.0	-170.6	50.0	107.1	300883	90.9
0.0	-170.0	50.0	107.3	301435	91.1
0.0	-169.5	50.0	107.6	302231	91.2
0.0	-168.9	50.0	107.1	300956	90.8
0.0	-168.3	50.0	107.3	301431	90.9
0.0	-167.8	50.0	107.5	301946	91.2
0.0	-167.2	50.0	107.7	302612	91.1
0.0	-166.6	50.0	107.6	302188	91.3
0.0	-166.1	50.0	107.5	302126	91.3
0.0	-165.6	50.0	107.5	301916	91.2
0.0	-165.1	50.0	107.6	302210	91.3
0.0	-164.6	50.0	107.6	302238	91.3
0.0	-164.1	50.0	107.6	302196	91.4
0.0	-163.6	50.0	107.6	302292	91.4
0.0	-163.0	50.0	107.6	302228	91.3
0.0	-162.5	50.0	107.7	302629	91.3
0.0	-162.0	50.0	107.6	302310	91.2
0.0	-161.5	50.0	107.8	302773	91.3
0.0	-161.0	50.0	108.1	303570	91.6
0.0	-160.5	50.0	107.6	302381	91.2
0.0	-159.9	50.0	107.6	302285	91.1
0.0	-159.4	50.0	107.8	302838	91.3
0.0	-158.9	50.0	108.0	303341	91.5
0.0	-158.4	50.0	107.8	302944	91.4
0.0	-157.9	50.0	108.0	303280	91.4
0.0	-157.4	50.0	107.9	303220	91.7
0.0	-156.9	50.0	107.9	303019	91.5
0.0	-156.3	50.0	107.8	302879	91.6
0.0	-155.8	50.0	107.7	302482	91.3
0.0	-155.2	50.0	107.9	303086	91.5
0.0	-154.7	50.0	107.8	302842	91.4
0.0	-154.2	50.0	107.9	303126	91.6
0.0	-153.7	50.0	108.0	303372	91.8
0.0	-153.1	50.0	107.9	303096	91.7
0.0	-152.6	50.0	107.8	302992	91.6
0.0	-152.1	50.0	107.7	302640	91.5
0.0	-151.6	50.0	108.2	303851	91.7
0.0	-151.1	50.0	108.1	303610	91.7
0.0	-150.6	50.0	107.9	303193	91.5
0.0	-150.1	50.0	107.8	302755	91.4
0.0	-149.6	50.0	107.8	302832	91.4
0.0	-149.0	50.0	107.9	303207	91.6
0.0	-148.5	50.0	107.8	302880	91.5
0.0	-148.0	50.0	107.7	302536	91.4
0.0	-147.5	50.0	107.8	302847	91.5
0.0	-147.0	50.0	107.9	303058	91.5
0.0	-146.4	50.0	107.8	302940	91.5
0.0	-145.9	50.0	107.8	302859	91.4
0.0	-145.4	50.0	107.8	302809	91.4
0.0	-144.9	50.0	107.8	302913	91.5
0.0	-144.4	50.0	107.5	302031	91.2
0.0	-143.8	50.0	107.7	302655	91.4
0.0	-143.3	50.0	107.8	302840	91.4
0.0	-142.8	50.0	107.7	302673	91.3
0.0	-142.3	50.0	107.9	303023	91.3
0.0	-141.7	50.0	107.6	302326	91.3
0.0	-141.2	50.0	107.7	302494	91.3
0.0	-140.7	50.0	107.5	302023	91.2
0.0	-140.2	50.0	107.2	301262	90.9
0.0	-139.6	50.0	107.7	302453	91.3
0.0	-139.1	50.0	107.5	302036	91.0
0.0	-138.6	50.0	107.5	302101	91.2
0.0	-138.1	50.0	107.6	302286	91.3
0.0	-137.6	50.0	107.6	302320	91.4
0.0	-137.0	50.0	107.5	301871	91.1
0.0	-136.5	50.0	107.7	302515	91.3
0.0	-136.0	50.0	107.8	302835	91.4
0.0	-135.5	50.0	107.5	302049	91.1
0.0	-135.0	50.0	107.0	300682	90.8
0.0	-134.5	50.0	107.1	300840	90.9
0.0	-134.0	50.0	106.9	300242	90.8
0.0	-133.5	50.0	107.3	301572	91.1
0.0	-132.9	50.0	107.3	301400	91.1
0.0	-132.4	50.0	107.2	301119	91.0
0.0	-131.9	50.0	107.4	301636	91.1
0.0	-131.4	50.0	107.4	301634	90.9
0.0	-130.9	50.0	107.5	301971	91.1
0.0	-130.3	50.0	107.4	301823	90.9
0.0	-129.8	50.0	107.1	300964	90.8
0.0	-129.3	50.0	107.5	302088	91.1
0.0	-128.8	50.0	107.3	301547	91.1
0.0	-128.3	50.0	106.8	300128	90.7
0.0	-127.7	50.0	106.9	300327	90.7
0.0	-127.2	50.0	107.0	300474	90.9
0.0	-126.7	50.0	107.1	300984	91.0
0.0	-126.2	50.0	107.0	300697	90.9
0.0	-125.7	50.0	107.1	300907	90.8
0.0	-125.1	50.0	107.1	300987	90.9
0.0	-124.6	50.0	107.1	300762	90.8
0.0	-124.1	50.0	107.1	300996	90.8
0.0	-123.6	50.0	107.0	300662	90.7
0.0	-123.1	50.0	106.9	300306	90.6
0.0	-122.5	50.0	106.9	300384	90.6
0.0	-122.0	50.0	107.0	300562	90.5
0.0	-121.5	50.0	107.0	300482	90.5
0.0	-121.0	50.0	107.2	301307	90.9
0.0	-120.5	50.0	107.5	302057	91.0
0.0	-120.0	50.0	107.3	301341	90.9
0.0	-119.4	50.0	107.0	300693	90.7
0.0	-118.9	50.0	107.1	300973	90.8
0.0	-118.4	50.0	107.1	300917	90.8
0.0	-117.9	50.0	107.1	300806	90.7
0.0	-117.4	50.0	107.1	300751	90.8
0.0	-116.9	50.0	106.9	300334	90.6
0.0	-116.3	50.0	106.8	300172	90.5
0.0	-115.8	50.0	106.9	300369	90.7
0.0	-115.3	50.0	106.8	300102	90.7
0.0	-114.8	50.0	106.9	300383	90.7
0.0	-114.2	50.0	106.7	299867	90.5
0.0	-113.7	50.0	107.0	300561	90.8
0.0	-113.2	50.0	106.7	299864	90.5
0.0	-112.7	50.0	107.0	300521	90.6
0.0	-112.1	50.0	106.9	300372	90.7
0.0	-111.6	50.0	107.0	300507	90.7
0.0	-111.1	50.0	107.1	300831	90.9
0.0	-110.6	50.0	107.0	300607	90.8
0.0	-110.0	50.0	107.0	300727	90.7
0.0	-109.5	50.0	106.9	300241	90.6
0.0	-109.0	50.0	106.7	299722	90.5
0.0	-108.5	50.0	107.0	300482	90.5
0.0	-108.0	50.0	107.1	300795	90.7
0.0	-107.4	50.0	106.9	300231	90.6
0.0	-106.9	50.0	106.9	300211	90.7
0.0	-106.4	50.0	106.8	300062	90.6
0.0	-105.9	50.0	106.9	300463	90.6
0.0	-105.4	50.0	106.9	300280	90.6
0.0	-104.9	50.0	106.7	299827	90.3
0.0	-104.4	50.0	106.9	300267	90.6
0.0	-103.8	50.0	107.1	301020	90.8
0.0	-103.3	50.0	107.1	300850	90.7
0.0	-102.8	50.0	107.0	300503	90.7
0.0	-102.3	50.0	106.8	299973	90.5
0.0	-101.8	50.0	106.6	299600	90.5
0.0	-101.2	50.0	106.9	300447	90.7
0.0	-100.7	50.0	106.9	300288	90.7
0.0	-100.2	50.0	106.7	299700	90.6
0.0	-99.7	50.0	106.7	299747	90.4
0.0	-99.2	50.0	106.9	300319	90.7
0.0	-98.6	50.0	106.8	300032	90.6
0.0	-98.1	50.0	106.9	300331	90.7
0.0	-97.6	50.0	106.9	300397	90.6
0.0	-97.1	50.0	106.9	300218	90.5
0.0	-96.6	50.0	106.9	300445	90.7
0.0	-96.0	50.0	106.9	300262	90.6
0.0	-95.5	50.0	107.1	301004	90.7
0.0	-95.0	50.0	106.8	300153	90.6
0.0	-94.5	50.0	106.8	300070	90.7
0.0	-93.9	50.0	107.1	300777	90.7
0.0	-93.4	50.0	107.1	300962	90.8
0.0	-92.9	50.0	107.3	301530	91.0
0.0	-92.4	50.0	107.2	301122	90.8
0.0	-91.9	50.0	107.3	301348	90.7
0.0	-91.3	50.0	107.4	301601	90.8
0.0	-90.8	50.0	106.9	300359	90.6
0.0	-90.3	50.0	107.0	300492	90.6
0.0	-89.8	50.0	107.1	300851	90.7
0.0	-89.2	50.0	106.9	300382	90.6
0.0	-88.7	50.0	107.2	301247	90.8
0.0	-88.2	50.0	107.0	300627	90.7
0.0	-87.7	50.0	107.1	300782	90.7
0.0	-87.2	50.0	107.1	300943	90.8
0.0	-86.7	50.0	107.2	301077	90.6
0.0	-86.1	50.0	107.2	301229	90.8
0.0	-85.6	50.0	107.2	301051	90.9
0.0	-85.1	50.0	107.4	301823	91.0
0.0	-84.6	50.0	107.2	301254	90.9
0.0	-84.1	50.0	107.0	300610	90.6
0.0	-83.6	50.0	107.1	301000	90.8
0.0	-83.0	50.0	107.3	301456	90.8
0.0	-82.5	50.0	107.1	300882	90.7
0.0	-82.0	50.0	107.2	301162	91.0
0.0	-81.5	50.0	107.4	301688	90.9
0.0	-81.0	50.0	107.4	301800	91.1
0.0	-80.4	50.0	107.4	301812	91.0
0.0	-79.9	50.0	107.0	300710	90.9
0.0	-79.4	50.0	107.0	300672	90.8
0.0	-78.9	50.0	107.1	300938	91.0
0.0	-78.3	50.0	107.3	301375	91.1
0.0	-77.8	50.0	107.4	301632	91.1
0.0	-77.3	50.0	107.1	300767	90.8
0.0	-76.8	50.0	107.3	301347	90.9
0.0	-76.3	50.0	107.3	301562	91.0
0.0	-75.8	50.0	107.2	301103	90.8
0.0	-75.3	50.0	107.4	301668	91.0
0.0	-74.7	50.0	107.3	301474	91.0
0.0	-74.2	50.0	107.2	301075	90.9
0.0	-73.7	50.0	107.4	301670	91.0
0.0	-73.2	50.0	106.9	300304	90.6
0.0	-72.6	50.0	107.1	300901	90.8
0.0	-72.1	50.0	107.4	301673	91.0
0.0	-71.6	50.0	107.2	301142	91.0
0.0	-71.1	50.0	107.4	301618	90.9
0.0	-70.5	50.0	107.5	301944	91.0
0.0	-70.0	50.0	107.4	301716	91.0
0.0	-69.5	50.0	107.5	302068	91.0
0.0	-69.0	50.0	107.5	302006	91.2
0.0	-68.5	50.0	107.2	301176	91.0
0.0	-68.0	50.0	107.1	300914	90.9
0.0	-67.4	50.0	107.4	301614	91.0
0.0	-66.9	50.0	107.4	301592	90.9
0.0	-66.4	50.0	107.7	302585	91.2
0.0	-65.9	50.0	107.7	302459	91.1
0.0	-65.4	50.0	107.6	302265	91.1
0.0	-64.8	50.0	107.4	301837	90.9
0.0	-64.3	50.0	107.5	301928	91.0
0.0	-63.8	50.0	107.4	301590	91.0
0.0	-63.3	50.0	107.7	302577	91.2
0.0	-62.8	50.0	107.5	302062	91.1
0.0	-62.3	50.0	107.7	302470	91.3
0.0	-61.7	50.0	107.6	302219	91.2
0.0	-61.2	50.0	107.3	301557	91.0
0.0	-60.7	50.0	107.5	302085	91.1
0.0	-60.2	50.0	107.8	302862	91.4
0.0	-59.7	50.0	107.5	302013	91.1
0.0	-59.1	50.0	107.5	302101	91.2
0.0	-58.6	50.0	107.5	302098	91.3
0.0	-58.1	50.0	107.4	301635	91.2
0.0	-57.6	50.0	107.3	301439	91.2
0.0	-57.1	50.0	107.3	301505	91.0
0.0	-56.5	50.0	107.5	301903	91.1
0.0	-56.0	50.0	107.6	302198	91.2
0.0	-55.5	50.0	107.7	302685	91.3
0.0	-55.0	50.0	107.6	302271	91.2
0.0	-54.4	50.0	107.6	302415	91.3
0.0	-53.9	50.0	107.8	302853	91.3
0.0	-53.4	50.0	107.9	303013	91.4
0.0	-52.9	50.0	108.1	303700	91.5
0.0	-52.4	50.0	107.9	303250	91.5
0.0	-51.9	50.0	107.9	303255	91.3
0.0	-51.4	50.0	108.0	303298	91.5
0.0	-50.8	50.0	107.8	302840	91.4
0.0	-50.3	50.0	107.7	302505	91.3
0.0	-49.8	50.0	107.8	302911	91.4
0.0	-49.2	50.0	107.8	302975	91.5
0.0	-48.7	50.0	107.8	302744	91.4
0.0	-48.2	50.0	107.7	302565	91.5
0.0	-47.7	50.0	107.9	303066	91.5
0.0	-47.2	50.0	107.7	302437	91.3
0.0	-46.6	50.0	107.6	302249	91.3
0.0	-46.1	50.0	107.3	301512	91.2
0.0	-45.6	50.0	107.7	302475	91.3
0.0	-45.0	50.0	107.7	302457	91.3
0.0	-44.5	50.0	107.7	302554	91.3
0.0	-44.0	50.0	107.8	302864	91.4
0.0	-43.5	50.0	107.8	302977	91.4
0.0	-42.9	50.0	107.6	302224	91.3
0.0	-42.4	50.0	107.7	302539	91.3
0.0	-41.9	50.0	107.6	302261	91.4
0.0	-41.4	50.0	107.8	302889	91.4
0.0	-40.9	50.0	107.7	302472	91.2
0.0	-40.3	50.0	107.5	302042	91.2
0.0	-39.8	50.0	107.4	301791	91.1
0.0	-39.3	50.0	107.6	302364	91.2
0.0	-38.8	50.0	107.6	302210	91.3
0.0	-38.3	50.0	107.6	302310	91.3
0.0	-37.7	50.0	107.6	302256	91.3
0.0	-37.2	50.0	107.6	302278	91.3
0.0	-36.7	50.0	107.7	302647	91.4
0.0	-36.2	50.0	107.7	302593	91.3
0.0	-35.7	50.0	107.8	302724	91.3
0.0	-35.2	50.0	107.6	302324	91.2
0.0	-34.7	50.0	107.7	302446	91.3
0.0	-34.2	50.0	107.6	302231	91.3
0.0	-33.6	50.0	107.7	302505	91.3
0.0	-33.1	50.0	107.7	302490	91.3
0.0	-32.6	50.0	107.7	302433	91.3
0.0	-32.1	50.0	107.6	302387	91.3
0.0	-31.6	50.0	107.6	302209	91.3
0.0	-31.0	50.0	107.7	302563	91.3
0.0	-30.5	50.0	107.6	302337	91.1
0.0	-30.0	50.0	107.6	302288	91.2
0.0	-29.5	50.0	107.8	302927	91.3
0.0	-28.9	50.0	107.8	302809	91.3
0.0	-28.4	50.0	107.7	302477	91.2
0.0	-27.9	50.0	107.4	301744	91.1
0.0	-27.4	50.0	107.5	302004	91.2
0.0	-26.9	50.0	107.4	301814	91.1
0.0	-26.4	50.0	107.5	301931	91.1
0.0	-25.8	50.0	107.4	301726	91.0
0.0	-25.3	50.0	107.9	303032	91.2
0.0	-24.8	50.0	107.4	301698	91.1
0.0	-24.3	50.0	107.4	301833	91.2
0.0	-23.8	50.0	107.6	302291	91.3
0.0	-23.3	50.0	107.6	302262	91.1
0.0	-22.7	50.0	107.3	301467	91.1
0.0	-22.2	50.0	107.3	301400	91.1
0.0	-21.6	50.0	107.5	301910	91.1
0.0	-21.1	50.0	107.4	301770	91.0
0.0	-20.6	50.0	107.3	301337	91.0
0.0	-20.1	50.0	107.4	301629	91.1
0.0	-19.6	50.0	107.6	302200	91.1
0.0	-19.1	50.0	107.7	302508	91.2
0.0	-18.5	50.0	107.7	302542	91.3
0.0	-18.0	50.0	107.9	302999	91.3
0.0	-17.5	50.0	107.6	302315	91.2
0.0	-17.0	50.0	107.7	302621	91.2
0.0	-16.5	50.0	107.4	301769	91.0
0.0	-16.0	50.0	107.5	301975	91.2
0.0	-15.5	50.0	107.6	302175	91.1
0.0	-14.9	50.0	107.8	302862	91.1
0.0	-14.4	50.0	107.8	302755	91.3
0.0	-13.9	50.0	107.9	303035	91.4
0.0	-13.3	50.0	108.0	303298	91.3
0.0	-12.8	50.0	107.9	303234	91.3
0.0	-12.3	50.0	107.6	302394	91.2
0.0	-11.8	50.0	107.5	302107	91.3
0.0	-11.3	50.0	107.6	302273	91.4
0.0	-10.7	50.0	107.6	302421	91.4
0.0	-10.2	50.0	107.8	302716	91.4
0.0	-9.7	50.0	107.5	302016	91.1
0.0	-9.2	50.0	107.4	301778	90.9
0.0	-8.6	50.0	107.4	301608	91.0
0.0	-8.1	50.0	107.2	301037	90.9
0.0	-7.6	50.0	107.5	301882	91.1
0.0	-7.1	50.0	107.5	301895	91.1
0.0	-6.6	50.0	107.5	301987	91.1
0.0	-6.0	50.0	107.4	301756	91.2
0.0	-5.5	50.0	107.4	301820	91.1
0.0	-5.0	50.0	107.3	301528	91.1
0.0	-4.4	50.0	107.1	300752	90.9
0.0	-3.9	50.0	107.1	300854	91.0
0.0	-3.4	50.0	107.1	300808	90.9
0.0	-2.9	50.0	106.9	300450	90.6
0.0	-2.4	50.0	107.1	300922	90.9
0.0	-1.8	50.0	107.3	301457	91.0
0.0	-1.3	50.0	107.5	302068	91.0
0.0	-0.8	50.0	107.2	301150	91.0
0.0	-0.3	50.0	107.0	300584	90.7
0.0	0.2	50.0	107.0	300508	90.7
0.0	0.7	50.0	106.9	300317	90.5
0.0	1.2	50.0	106.7	299852	90.5
0.0	1.7	50.0	107.1	300782	90.8
0.0	2.3	50.0	107.0	300571	90.8
0.0	2.8	50.0	107.0	300739	90.7
0.0	3.3	50.0	107.0	300527	90.6
0.0	3.8	50.0	107.0	300625	90.7
0.0	4.3	50.0	107.1	300783	90.7
0.0	4.8	50.0	107.0	300535	90.6
0.0	5.3	50.0	107.3	301349	90.9
0.0	5.9	50.0	107.1	300772	90.7
0.0	6.4	50.0	107.0	300681	90.8
0.0	6.9	50.0	107.1	300965	90.8
0.0	7.4	50.0	107.3	301329	90.9
0.0	7.9	50.0	107.4	301788	91.0
0.0	8.5	50.0	107.4	301589	91.0
0.0	9.0	50.0	107.4	301725	91.1
0.0	9.5	50.0	107.5	301914	91.0
0.0	10.0	50.0	107.2	301203	90.9
0.0	10.5	50.0	107.2	301215	90.9
0.0	11.0	50.0	107.4	301806	91.1
0.0	11.6	50.0	107.5	302007	91.1
0.0	12.1	50.0	107.4	301734	90.9
0.0	12.6	50.0	107.3	301383	90.9
0.0	13.1	50.0	107.4	301753	91.0
0.0	13.6	50.0	107.4	301686	91.0
0.0	14.1	50.0	107.6	302294	91.2
0.0	14.7	50.0	107.5	301878	91.1
0.0	15.2	50.0	107.2	301215	91.0
0.0	15.7	50.0	107.5	302047	91.2
0.0	16.2	50.0	107.6	302405	91.0
0.0	16.7	50.0	107.5	302084	91.0
0.0	17.3	50.0	107.5	301920	91.0
0.0	17.8	50.0	107.2	301188	90.9
0.0	18.3	50.0	107.3	301580	91.0
0.0	18.8	50.0	107.2	301261	91.0
0.0	19.3	50.0	107.3	301426	90.9
0.0	19.9	50.0	107.5	302080	91.0
0.0	20.4	50.0	107.3	301578	90.9
0.0	20.9	50.0	107.2	301077	90.8
0.0	21.4	50.0	107.2	301301	90.9
0.0	22.0	50.0	107.3	301417	90.7
0.0	22.5	50.0	107.5	302013	91.1
0.0	23.0	50.0	107.8	302734	91.3
0.0	23.5	50.0	107.3	301484	90.9
0.0	24.0	50.0	107.3	301394	90.9
0.0	24.6	50.0	107.4	301814	91.0
0.0	25.1	50.0	107.4	301854	90.9
0.0	25.6	50.0	107.3	301583	90.8
0.0	26.1	50.0	107.3	301560	91.0
0.0	26.7	50.0	107.4	301742	91.1
0.0	27.2	50.0	107.3	301471	90.9
0.0	27.7	50.0	107.3	301533	90.9
0.0	28.3	50.0	107.2	301039	90.8
0.0	28.8	50.0	107.5	301974	91.0
0.0	29.3	50.0	107.5	301999	91.1
0.0	29.8	50.0	107.4	301695	91.2
0.0	30.3	50.0	107.3	301466	90.9
0.0	30.8	50.0	107.2	301251	90.8
0.0	31.4	50.0	107.3	301394	90.8
0.0	31.9	50.0	107.3	301421	90.9
0.0	32.4	50.0	107.4	301773	91.0
0.0	32.9	50.0	107.5	301893	91.1
0.0	33.5	50.0	107.5	301927	91.1
0.0	34.0	50.0	107.5	301952	91.1
0.0	34.5	50.0	107.5	301995	91.0
0.0	35.0	50.0	107.3	301536	91.0
0.0	35.5	50.0	107.4	301644	91.1
0.0	36.1	50.0	107.4	301799	91.1
0.0	36.6	50.0	107.3	301551	91.0
0.0	37.1	50.0	107.4	301589	91.0
0.0	37.6	50.0	107.3	301427	90.9
0.0	38.2	50.0	107.5	302021	91.2
0.0	38.7	50.0	107.5	302102	91.1
0.0	39.2	50.0	107.5	301909	91.0
0.0	39.7	50.0	107.4	301648	90.8
0.0	40.3	50.0	107.3	301322	90.8
0.0	40.8	50.0	107.2	301236	90.8
0.0	41.3	50.0	107.2	301087	90.7
0.0	41.8	50.0	107.7	302573	91.1
0.0	42.3	50.0	107.6	302294	91.1
0.0	42.8	50.0	107.6	302293	91.1
0.0	43.4	50.0	107.7	302490	91.2
0.0	43.9	50.0	107.6	302404	91.2
0.0	44.4	50.0	107.6	302218	91.2
0.0	44.9	50.0	107.7	302629	91.3
0.0	45.4	50.0	107.4	301699	91.2
0.0	45.9	50.0	107.5	302005	91.2
0.0	46.5	50.0	107.3	301455	90.9
0.0	47.0	50.0	107.3	301485	90.9
0.0	47.5	50.0	107.3	301346	90.8
0.0	48.0	50.0	107.4	301773	91.1
0.0	48.5	50.0	107.5	301898	91.0
0.0	49.1	50.0	107.4	301688	91.0
0.0	49.6	50.0	107.6	302164	91.2
0.0	50.1	50.0	107.4	301838	91.0
0.0	50.6	50.0	107.7	302610	91.2
0.0	51.1	50.0	107.5	302078	91.0
0.0	51.6	50.0	107.3	301577	91.1
0.0	52.2	50.0	107.5	302063	91.1
0.0	52.7	50.0	107.6	302189	91.0
0.0	53.2	50.0	107.4	301804	91.0
0.0	53.7	50.0	107.5	301941	91.1
0.0	54.3	50.0	107.4	301683	91.0
0.0	54.8	50.0	107.3	301528	90.9
0.0	55.3	50.0	107.6	302331	91.2
0.0	55.8	50.0	107.6	302209	91.1
0.0	56.3	50.0	107.5	302118	91.1
0.0	56.8	50.0	107.4	301670	90.9
0.0	57.4	50.0	107.6	302176	91.1
0.0	57.9	50.0	107.4	301870	91.1
0.0	58.4	50.0	107.4	301779	91.0
0.0	58.9	50.0	107.6	302164	90.9
0.0	59.5	50.0	107.6	302182	91.0
0.0	60.0	50.0	107.6	302298	91.1
0.0	60.5	50.0	107.2	301288	90.9
0.0	61.0	50.0	107.3	301450	90.9
0.0	61.5	50.0	107.5	302111	91.2
0.0	62.1	50.0	107.5	302058	91.1
0.0	62.6	50.0	107.5	301941	91.0
0.0	63.1	50.0	107.4	301756	91.0
0.0	63.6	50.0	107.4	301767	90.9
0.0	64.1	50.0	107.4	301725	90.8
0.0	64.7	50.0	107.5	301997	91.0
0.0	65.2	50.0	107.4	301857	90.9
0.0	65.7	50.0	107.4	301811	90.8
0.0	66.2	50.0	107.2	301232	90.8
0.0	66.7	50.0	107.3	301545	90.9
0.0	67.3	50.0	107.4	301715	91.0
0.0	67.8	50.0	107.2	301160	91.0
0.0	68.3	50.0	107.2	301032	90.9
0.0	68.8	50.0	107.3	301379	90.9
0.0	69.3	50.0	107.2	301285	91.0
0.0	69.9	50.0	107.2	301072	90.8
0.0	70.4	50.0	107.1	300760	90.8
0.0	70.9	50.0	106.8	300075	90.7
0.0	71.4	50.0	106.9	300420	90.8
0.0	71.9	50.0	106.9	300320	90.6
0.0	72.4	50.0	107.0	300508	90.7
0.0	73.0	50.0	107.0	300664	90.7
0.0	73.5	50.0	107.0	300518	90.8
0.0	74.0	50.0	107.1	300775	90.6
0.0	74.5	50.0	107.3	301555	90.9
0.0	75.1	50.0	107.2	301294	90.9
0.0	75.6	50.0	107.1	300906	90.7
0.0	76.1	50.0	107.2	301036	90.8
0.0	76.6	50.0	106.9	300315	90.6
0.0	77.2	50.0	107.0	300542	90.5
0.0	77.7	50.0	107.0	300618	90.6
0.0	78.2	50.0	107.0	300677	90.7
0.0	78.7	50.0	107.0	300608	90.6
0.0	79.2	50.0	107.0	300491	90.6
0.0	79.8	50.0	107.1	300889	90.5
0.0	80.3	50.0	107.2	301103	90.6
0.0	80.8	50.0	106.9	300443	90.5
0.0	81.3	50.0	106.9	300227	90.4
0.0	81.8	50.0	107.1	300921	90.6
0.0	82.4	50.0	107.2	301114	90.8
0.0	82.9	50.0	107.0	300498	90.5
0.0	83.4	50.0	107.1	300999	90.6
0.0	83.9	50.0	107.1	300871	90.7
0.0	84.4	50.0	106.9	300237	90.5
0.0	84.9	50.0	107.0	300666	90.6
0.0	85.5	50.0	107.0	300597	90.7
0.0	86.0	50.0	107.0	300537	90.6
0.0	86.5	50.0	106.9	300188	90.6
0.0	87.0	50.0	106.9	300439	90.7
0.0	87.5	50.0	107.1	300933	90.7
0.0	88.1	50.0	106.9	300253	90.5
0.0	88.6	50.0	106.8	300174	90.6
0.0	89.1	50.0	107.1	300890	90.8
0.0	89.6	50.0	107.0	300515	90.7
0.0	90.1	50.0	107.0	300573	90.7
0.0	90.6	50.0	106.8	300015	90.4
0.0	91.2	50.0	107.2	301170	90.9
0.0	91.7	50.0	106.9	300288	90.6
0.0	92.2	50.0	106.9	300185	90.5
0.0	92.7	50.0	107.0	300600	90.6
0.0	93.2	50.0	106.9	300438	90.5
0.0	93.8	50.0	106.8	300147	90.5
0.0	94.3	50.0	106.7	299887	90.6
0.0	94.8	50.0	107.0	300677	90.7
0.0	95.4	50.0	106.6	299519	90.4
0.0	95.9	50.0	107.0	300650	90.6
0.0	96.4	50.0	106.8	300093	90.5
0.0	96.9	50.0	106.9	300461	90.4
0.0	97.4	50.0	106.9	300344	90.5
0.0	97.9	50.0	106.8	299981	90.4
0.0	98.5	50.0	106.5	299110	90.2
0.0	99.0	50.0	106.6	299618	90.3
0.0	99.5	50.0	106.7	299742	90.3
0.0	100.0	50.0	106.7	299775	90.4
0.0	100.5	50.0	106.9	300418	90.4
0.0	101.1	50.0	106.7	299738	90.3
0.0	101.6	50.0	106.8	299980	90.5
0.0	102.1	50.0	106.9	300219	90.4
0.0	102.6	50.0	106.7	299654	90.5
0.0	103.1	50.0	106.6	299505	90.4
0.0	103.7	50.0	106.7	299757	90.4
0.0	104.2	50.0	106.6	299486	90.3
0.0	104.7	50.0	106.8	299954	90.5
0.0	105.2	50.0	106.7	299732	90.4
0.0	105.7	50.0	106.8	300032	90.5
0.0	106.3	50.0	106.7	299695	90.4
0.0	106.8	50.0	106.5	299137	90.2
0.0	107.3	50.0	106.6	299484	90.4
0.0	107.8	50.0	106.7	299835	90.5
0.0	108.3	50.0	106.7	299859	90.5
0.0	108.9	50.0	106.7	299732	90.3
0.0	109.4	50.0	106.9	300447	90.5
0.0	109.9	50.0	106.7	299741	90.5
0.0	110.4	50.0	106.6	299618	90.4
0.0	110.9	50.0	106.5	299228	90.2
0.0	111.5	50.0	106.6	299504	90.2
0.0	112.0	50.0	106.5	299250	90.2
0.0	112.5	50.0	106.6	299591	90.2
0.0	113.0	50.0	106.7	299731	90.2
0.0	113.5	50.0	106.9	300219	90.4
0.0	114.1	50.0	106.6	299593	90.5
0.0	114.6	50.0	106.7	299716	90.4
0.0	115.1	50.0	106.7	299708	90.3
0.0	115.6	50.0	106.8	299940	90.4
0.0	116.1	50.0	106.7	299662	90.3
0.0	116.6	50.0	106.7	299902	90.4
0.0	117.1	50.0	106.9	300235	90.5
0.0	117.7	50.0	106.7	299849	90.3
0.0	118.2	50.0	106.6	299503	90.4
0.0	118.7	50.0	106.6	299582	90.3
0.0	119.2	50.0	106.7	299788	90.4
0.0	119.8	50.0	106.8	300031	90.4
0.0	120.3	50.0	106.4	298982	90.2
0.0	120.8	50.0	106.7	299790	90.5
0.0	121.3	50.0	106.6	299436	90.4
0.0	121.9	50.0	106.6	299404	90.4
0.0	122.4	50.0	106.8	299960	90.5
0.0	122.9	50.0	106.6	299552	90.5
0.0	123.4	50.0	106.6	299455	90.4
0.0	123.9	50.0	106.6	299417	90.2
0.0	124.5	50.0	106.8	300134	90.3
0.0	125.0	50.0	106.7	299796	90.2
0.0	125.5	50.0	106.9	300416	90.5
0.0	126.0	50.0	107.0	300622	90.6
0.0	126.5	50.0	106.9	300430	90.6
0.0	127.1	50.0	107.0	300531	90.5
0.0	127.6	50.0	107.0	300746	90.5
0.0	128.1	50.0	106.9	300459	90.5
0.0	128.6	50.0	106.7	299876	90.4
0.0	129.1	50.0	106.8	300031	90.6
0.0	129.7	50.0	107.0	300507	90.8
0.0	130.2	50.0	107.3	301311	91.0
0.0	130.7	50.0	107.0	300617	90.9
0.0	131.2	50.0	107.0	300564	90.6
0.0	131.7	50.0	107.1	300765	90.6
0.0	132.3	50.0	106.9	300280	90.6
0.0	132.8	50.0	106.9	300426	90.7
0.0	133.3	50.0	107.2	301208	90.7
0.0	133.8	50.0	107.2	301177	90.7
0.0	134.3	50.0	107.3	301406	90.7
0.0	134.9	50.0	107.1	301007	90.8
0.0	135.4	50.0	107.3	301523	90.8
0.0	135.9	50.0	107.5	301957	91.0
0.0	136.4	50.0	107.1	300921	90.6
0.0	137.0	50.0	107.2	301200	90.5
0.0	137.4	50.0	107.1	300901	90.7
0.0	137.9	50.0	107.4	301661	91.0
0.0	138.5	50.0	107.2	301295	90.9
0.0	139.0	50.0	107.4	301777	90.9
0.0	139.5	50.0	107.0	300686	90.8
0.0	140.0	50.0	107.1	301012	90.8
0.0	140.6	50.0	107.2	301087	90.8
0.0	141.1	50.0	107.1	300946	90.8
0.0	141.6	50.0	107.3	301428	90.9
0.0	142.1	50.0	107.6	302293	91.0
0.0	142.6	50.0	107.5	302041	90.9
0.0	143.1	50.0	107.4	301806	90.9
0.0	143.7	50.0	107.3	301338	91.0
0.0	144.2	50.0	107.2	301199	90.8
0.0	144.8	50.0	107.3	301548	90.9
0.0	145.3	50.0	107.3	301506	91.0
0.0	145.8	50.0	107.8	302724	91.2
0.0	146.3	50.0	107.8	302724	91.4
0.0	146.8	50.0	107.7	302463	91.2
0.0	147.4	50.0	107.5	302025	90.9
0.0	147.9	50.0	107.6	302365	91.0
0.0	148.4	50.0	107.6	302192	91.1
0.0	148.9	50.0	108.0	303407	91.5
0.0	149.4	50.0	107.8	302727	91.2
0.0	149.9	50.0	107.8	302810	91.3
0.0	150.5	50.0	107.4	301748	91.0
0.0	151.0	50.0	107.6	302185	90.9
0.0	151.5	50.0	107.8	302961	91.3
0.0	152.0	50.0	107.8	302794	91.3
0.0	152.6	50.0	107.9	303192	91.4
0.0	153.1	50.0	107.6	302423	91.1
0.0	153.6	50.0	107.7	302513	91.4
0.0	154.1	50.0	107.9	303067	91.4
0.0	154.6	50.0	107.9	303270	91.4
0.0	155.2	50.0	107.9	303147	91.4
0.0	155.7	50.0	107.7	302608	91.2
0.0	156.2	50.0	107.8	302876	91.2
0.0	156.7	50.0	107.8	302760	91.3
0.0	157.2	50.0	108.0	303411	91.5
0.0	157.8	50.0	107.9	303010	91.2
0.0	158.3	50.0	107.7	302588	91.2
0.0	158.8	50.0	107.6	302383	91.2
0.0	159.3	50.0	107.8	302919	91.3
0.0	159.8	50.0	107.9	303138	91.3
0.0	160.4	50.0	107.8	302795	91.4
0.0	160.9	50.0	107.5	302072	91.2
0.0	161.4	50.0	107.5	301950	91.2
0.0	161.9	50.0	107.4	301664	91.0
0.0	162.4	50.0	107.4	301701	91.1
0.0	162.9	50.0	107.4	301632	91.0
0.0	163.4	50.0	107.4	301635	90.9
0.0	164.0	50.0	107.6	302269	91.2
0.0	164.5	50.0	107.5	302026	91.1
0.0	165.0	50.0	107.6	302248	91.0
0.0	165.5	50.0	107.4	301687	90.9
0.0	166.0	50.0	107.3	301430	90.7
0.0	166.5	50.0	107.3	301420	90.7
0.0	167.1	50.0	107.3	301585	90.8
0.0	167.6	50.0	107.3	301420	90.8
0.0	168.1	50.0	107.4	301687	90.9
0.0	168.6	50.0	107.4	301626	90.8
0.0	169.1	50.0	107.2	301296	90.7
0.0	169.7	50.0	107.3	301393	90.7
0.0	170.2	50.0	107.2	301147	90.8
0.0	170.7	50.0	107.2	301081	90.7
0.0	171.2	50.0	107.0	300531	90.5
0.0	171.8	50.0	107.4	301742	90.8
0.0	172.3	50.0	107.1	300918	90.6
0.0	172.8	50.0	106.9	300264	90.4
0.0	173.3	50.0	107.0	300583	90.5
0.0	173.8	50.0	106.7	299788	90.3
0.0	174.4	50.0	106.7	299803	90.4
0.0	174.9	50.0	106.8	300037	90.4
0.0	175.4	50.0	106.7	299738	90.3
0.0	176.0	50.0	106.9	300239	90.4
0.0	176.5	50.0	106.6	299466	90.2
0.0	177.0	50.0	106.8	300029	90.4
0.0	177.5	50.0	106.5	299321	90.1
0.0	178.0	50.0	106.5	299098	90.2
0.0	178.6	50.0	106.6	299594	90.2
0.0	179.1	50.0	106.7	299899	90.4
0.0	179.5	50.0	106.5	299329	90.1
0.0	179.9	50.0	106.7	299645	90.4
0.0	180.0	50.0	106.5	299334	90.2
0.0	180.3	50.0	106.6	299472	90.2
0.0	180.5	50.0	106.8	299908	90.4
0.0	180.6	50.0	106.7	299812	90.3
0.0	181.0	50.0	106.4	298838	90.1
0.0	181.7	50.0	106.4	298941	90.2
0.0	182.2	50.0	106.3	298724	90.0
0.0	182.8	50.0	106.4	299038	90.1
0.0	183.3	50.0	106.7	299752	90.3
0.0	183.7	50.0	106.5	299088	90.0
0.0	184.2	50.0	106.3	298511	90.0
0.0	184.7	50.0	106.2	298250	90.0
0.0	185.2	50.0	106.0	297869	89.8
0.0	185.7	50.0	106.1	298056	89.7
0.0	186.2	50.0	106.1	298106	89.8
0.0	186.7	50.0	106.1	298054	89.8
0.0	187.2	50.0	106.3	298696	90.1
0.0	187.7	50.0	106.2	298273	89.8
0.0	188.2	50.0	106.0	297809	89.7
0.0	188.7	50.0	105.8	297191	89.6
0.0	189.3	50.0	105.9	297398	89.7
0.0	189.8	50.0	105.8	297345	89.7
0.0	190.2	50.0	105.8	297373	89.5
0.0	190.7	50.0	105.6	296642	89.4
0.0	191.2	50.0	105.6	296774	89.5
0.0	191.8	50.0	105.5	296442	89.4
0.0	192.3	50.0	105.6	296733	89.4
0.0	192.8	50.0	105.3	295768	89.1
0.0	193.3	50.0	105.2	295635	89.1
0.0	193.8	50.0	104.9	294828	88.9
0.0	194.3	50.0	105.0	294907	88.9
0.0	194.8	50.0	105.1	295150	89.0
0.0	195.3	50.0	105.1	295201	89.0
0.0	195.8	50.0	105.1	295406	89.0
0.0	196.3	50.0	104.9	294737	88.7
0.0	196.8	50.0	104.7	294247	88.5
0.0	197.3	50.0	104.8	294391	88.6
0.0	197.8	50.0	104.6	293733	88.5
0.0	198.3	50.0	104.2	292710	88.2
0.0	198.8	50.0	104.0	292288	88.2
0.0	199.3	50.0	103.7	291278	87.9
0.0	199.8	50.0	103.5	290672	87.6
0.0	200.3	50.0	103.5	290885	87.8
0.0	200.8	50.0	103.4	290352	87.4
0.0	201.3	50.0	103.0	289339	87.1
0.0	201.8	50.0	102.8	288719	86.9
0.0	202.3	50.0	102.3	287464	86.6
0.0	202.8	50.0	101.6	285572	86.0
0.0	203.3	50.0	101.2	284211	85.7
0.0	203.8	50.0	100.4	281995	85.0
0.0	204.3	50.0	99.3	279097	84.1
0.0	204.8	50.0	98.1	275740	83.2
0.0	205.3	50.0	96.5	271190	81.8
0.0	205.8	50.0	94.6	265755	80.1
0.0	206.3	50.0	92.2	258903	78.0
0.0	206.8	50.0	89.2	250507	75.4
0.0	207.3	50.0	85.3	239657	72.1
0.0	207.9	50.0	81.1	227924	68.7
0.0	208.4	50.0	76.6	215212	64.8
0.0	208.9	50.0	71.7	201558	60.7
0.0	209.4	50.0	66.9	188080	56.7
0.0	209.9	50.0	61.7	173468	52.3
0.0	210.4	50.0	56.5	158667	47.8
0.0	210.9	50.0	51.5	144569	43.6
0.0	211.4	50.0	46.5	130735	39.3
0.0	211.9	50.0	41.8	117561	35.4
0.0	212.4	50.0	37.6	105500	31.8
0.0	212.9	50.0	33.6	94478	28.5
0.0	213.4	50.0	30.2	84959	25.6
0.0	213.9	50.0	27.5	77325	23.3
0.0	214.4	50.0	25.1	70621	21.3
0.0	214.9	50.0	23.1	64951	19.6
0.0	215.4	50.0	21.5	60524	18.2
0.0	215.9	50.0	20.1	56539	17.0
0.0	216.4	50.0	19.0	53352	16.1
0.0	216.9	50.0	18.1	50737	15.3
0.0	217.4	50.0	17.2	48451	14.6
0.0	217.9	50.0	16.6	46496	14.0
0.0	218.4	50.0	16.1	45117	13.6
0.0	218.9	50.0	15.5	43638	13.1
0.0	219.4	50.0	15.1	42407	12.8
0.0	219.9	50.0	14.7	41387	12.5
0.0	220.5	50.0	14.3	40155	12.1
0.0	221.0	50.0	14.1	39706	12.0
0.0	221.5	50.0	13.7	38604	11.6
0.0	222.0	50.0	13.5	37937	11.4
0.0	222.5	50.0	13.3	37417	11.3
0.0	223.0	50.0	13.1	36732	11.1
0.0	223.5	50.0	12.9	36112	10.9
0.0	223.5	50.0	12.8	35996	11.0
0.0	223.5	50.0	13.0	36450	11.0
0.0	224.0	50.0	12.6	35401	10.8
0.0	224.8	50.0	12.2	34248	10.4
0.0	225.4	50.0	11.9	33571	10.2
0.0	225.9	50.0	11.8	33258	10.1
0.0	226.4	50.0	11.8	33165	10.1
0.0	226.8	50.0	11.7	32803	10.0
0.0	227.3	50.0	11.5	32220	9.8
0.0	227.8	50.0	11.3	31762	9.6
0.0	228.3	50.0	11.2	31366	9.5
0.0	228.8	50.0	11.1	31203	9.5
0.0	229.3	50.0	11.0	30831	9.3
0.0	230.0	50.0	10.8	30331	9.2


