08-08-17 15:01:17

Radiation device:	U04 Accelerator
Energy:	6 MV
Controller:	CCU
Measurement device:	NWP484841
Field detector:	Thimble
Reference detector:	Thimble
SAD:	1000 mm
SSD:	1000 mm
Field size:	400 x 400 mm
Gantry angle:	0
Measurement medium:	Water
Scan type:	Inline
Scan mode:	Continuous

Points [mm]:
Inline	Crossline	Depth	Normalized field	Current field	Ratio
-230.0	0.0	50.0	9.3	26202	8.0
-230.0	0.0	50.0	9.3	26202	8.0
-229.5	0.0	50.0	9.4	26507	8.1
-228.6	0.0	50.0	9.7	27348	8.3
-228.1	0.0	50.0	9.9	27676	8.4
-227.6	0.0	50.0	10.0	27968	8.5
-227.2	0.0	50.0	10.1	28369	8.6
-226.8	0.0	50.0	10.1	28378	8.6
-226.3	0.0	50.0	10.3	28944	8.8
-225.7	0.0	50.0	10.4	29300	8.9
-225.2	0.0	50.0	10.4	29303	8.9
-224.7	0.0	50.0	10.7	29940	9.1
-224.2	0.0	50.0	10.8	30401	9.2
-223.7	0.0	50.0	10.9	30699	9.3
-223.2	0.0	50.0	11.2	31423	9.6
-222.7	0.0	50.0	11.3	31825	9.7
-222.2	0.0	50.0	11.5	32244	9.8
-221.7	0.0	50.0	11.7	32827	10.0
-221.2	0.0	50.0	11.8	33115	10.1
-220.7	0.0	50.0	12.0	33787	10.3
-220.2	0.0	50.0	12.3	34542	10.5
-220.0	0.0	50.0	20.0	56000	20.0
-219.7	0.0	50.0	12.4	34868	10.6
-219.2	0.0	50.0	12.7	35702	10.9
-218.7	0.0	50.0	13.0	36572	11.1
-218.1	0.0	50.0	13.3	37267	11.3
-217.6	0.0	50.0	13.6	38215	11.6
-217.2	0.0	50.0	13.9	39050	11.9
-216.7	0.0	50.0	14.3	40146	12.2
-216.1	0.0	50.0	14.8	41490	12.6
-215.7	0.0	50.0	15.3	42944	13.0
-215.1	0.0	50.0	15.9	44727	13.6
-214.6	0.0	50.0	16.7	46815	14.2
-214.1	0.0	50.0	17.5	49271	15.0
-213.6	0.0	50.0	18.6	52280	15.9
-213.1	0.0	50.0	20.1	56427	17.2
-212.6	0.0	50.0	22.1	62195	18.9
-212.1	0.0	50.0	24.8	69635	21.2
-211.6	0.0	50.0	28.0	78595	23.9
-211.1	0.0	50.0	31.4	88320	26.8
-210.6	0.0	50.0	35.1	98520	29.9
-210.1	0.0	50.0	38.9	109401	33.3
-209.6	0.0	50.0	43.3	121577	37.0
-209.1	0.0	50.0	48.2	135468	41.2
-208.6	0.0	50.0	54.0	151610	46.1
-208.1	0.0	50.0	59.8	168111	51.0
-207.6	0.0	50.0	65.5	183881	55.9
-207.1	0.0	50.0	70.9	199142	60.5
-206.6	0.0	50.0	76.3	214252	65.2
-206.0	0.0	50.0	81.7	229648	69.8
-205.6	0.0	50.0	86.3	242484	73.6
-205.0	0.0	50.0	90.1	253091	76.8
-204.5	0.0	50.0	93.2	261897	79.5
-204.0	0.0	50.0	95.3	267735	81.4
-203.5	0.0	50.0	97.4	273641	83.2
-203.0	0.0	50.0	98.7	277288	84.3
-202.5	0.0	50.0	99.4	279311	84.9
-202.0	0.0	50.0	100.1	281285	85.4
-201.5	0.0	50.0	100.8	283049	85.9
-201.0	0.0	50.0	101.2	284246	86.4
-200.5	0.0	50.0	101.8	286039	86.9
-200.0	0.0	50.0	102.1	286709	87.2
-199.5	0.0	50.0	102.4	287794	87.5
-199.0	0.0	50.0	102.8	288691	87.7
-198.5	0.0	50.0	103.2	289809	88.0
-198.0	0.0	50.0	103.4	290567	88.2
-197.5	0.0	50.0	103.4	290378	88.2
-197.0	0.0	50.0	103.4	290570	88.4
-196.5	0.0	50.0	104.0	292161	88.7
-196.0	0.0	50.0	103.7	291297	88.6
-195.5	0.0	50.0	104.0	292170	88.8
-194.9	0.0	50.0	104.2	292746	88.9
-194.4	0.0	50.0	104.3	292948	89.1
-193.9	0.0	50.0	104.4	293411	89.1
-193.4	0.0	50.0	104.7	294023	89.2
-192.9	0.0	50.0	104.6	293747	89.1
-192.4	0.0	50.0	104.8	294351	89.2
-191.9	0.0	50.0	104.6	293990	89.3
-191.4	0.0	50.0	104.9	294747	89.5
-190.9	0.0	50.0	104.8	294461	89.4
-190.4	0.0	50.0	104.9	294709	89.5
-189.9	0.0	50.0	105.1	295146	89.7
-189.4	0.0	50.0	105.0	294985	89.7
-188.9	0.0	50.0	105.1	295253	89.8
-188.4	0.0	50.0	105.3	295689	89.8
-187.9	0.0	50.0	105.4	296121	89.9
-187.4	0.0	50.0	105.6	296585	89.9
-186.9	0.0	50.0	105.3	295787	89.8
-186.3	0.0	50.0	105.3	295798	89.8
-185.9	0.0	50.0	105.5	296350	90.0
-185.4	0.0	50.0	105.7	296930	90.1
-184.9	0.0	50.0	105.7	297042	90.2
-184.3	0.0	50.0	105.9	297511	90.4
-183.9	0.0	50.0	105.7	297035	90.2
-183.3	0.0	50.0	105.7	296961	90.2
-182.8	0.0	50.0	105.7	296901	90.2
-182.3	0.0	50.0	106.0	297912	90.4
-181.8	0.0	50.0	105.9	297629	90.4
-181.3	0.0	50.0	106.3	298775	90.7
-180.8	0.0	50.0	106.0	297885	90.4
-180.3	0.0	50.0	106.1	298139	90.5
-179.8	0.0	50.0	106.3	298511	90.8
-179.3	0.0	50.0	105.9	297628	90.4
-178.8	0.0	50.0	106.1	298216	90.5
-178.3	0.0	50.0	106.1	298135	90.5
-177.8	0.0	50.0	106.2	298311	90.6
-177.4	0.0	50.0	106.3	298527	90.6
-176.8	0.0	50.0	106.5	299207	90.8
-176.3	0.0	50.0	106.4	298854	90.7
-175.8	0.0	50.0	106.2	298382	90.6
-175.0	0.0	50.0	106.3	298570	90.5
-174.2	0.0	50.0	106.5	299196	90.7
-173.1	0.0	50.0	106.6	299413	90.9
-172.7	0.0	50.0	106.6	299342	90.9
-172.4	0.0	50.0	106.8	299916	91.1
-171.8	0.0	50.0	106.8	299971	91.1
-171.2	0.0	50.0	106.8	300000	91.1
-170.6	0.0	50.0	106.6	299491	91.1
-170.0	0.0	50.0	106.9	300201	91.1
-169.4	0.0	50.0	107.0	300714	91.3
-168.8	0.0	50.0	107.0	300472	91.5
-168.2	0.0	50.0	107.0	300699	91.4
-167.7	0.0	50.0	107.2	301177	91.4
-167.0	0.0	50.0	107.1	300805	91.3
-166.4	0.0	50.0	107.1	301020	91.3
-165.9	0.0	50.0	107.2	301054	91.3
-165.3	0.0	50.0	107.2	301206	91.5
-164.7	0.0	50.0	107.7	302634	91.9
-164.1	0.0	50.0	107.6	302182	91.8
-163.6	0.0	50.0	107.4	301654	91.6
-163.1	0.0	50.0	107.2	301047	91.3
-162.6	0.0	50.0	107.2	301266	91.4
-162.1	0.0	50.0	107.5	301960	91.7
-161.7	0.0	50.0	107.7	302624	91.8
-161.3	0.0	50.0	107.7	302505	91.8
-160.8	0.0	50.0	107.3	301418	91.6
-160.4	0.0	50.0	107.5	302049	91.6
-159.9	0.0	50.0	107.5	301971	91.5
-159.5	0.0	50.0	107.4	301648	91.6
-159.0	0.0	50.0	107.7	302599	91.8
-158.5	0.0	50.0	107.9	303030	91.9
-158.1	0.0	50.0	107.5	302023	91.7
-157.6	0.0	50.0	107.4	301863	91.7
-157.0	0.0	50.0	107.5	301979	91.9
-156.5	0.0	50.0	107.2	301099	91.5
-156.0	0.0	50.0	107.2	301301	91.7
-155.5	0.0	50.0	107.9	303153	92.0
-155.1	0.0	50.0	107.7	302600	91.9
-154.6	0.0	50.0	107.6	302291	91.8
-154.0	0.0	50.0	107.3	301510	91.6
-153.5	0.0	50.0	107.7	302559	91.9
-152.9	0.0	50.0	107.6	302221	91.8
-152.3	0.0	50.0	107.8	302769	91.8
-151.8	0.0	50.0	107.9	303070	92.1
-151.2	0.0	50.0	108.1	303634	92.3
-150.7	0.0	50.0	107.8	302932	92.0
-150.1	0.0	50.0	107.3	301549	91.6
-149.6	0.0	50.0	107.4	301680	91.6
-149.1	0.0	50.0	107.5	302045	91.7
-148.6	0.0	50.0	107.6	302187	91.5
-148.0	0.0	50.0	108.0	303523	91.8
-147.5	0.0	50.0	107.5	302076	91.5
-147.0	0.0	50.0	107.9	303034	91.9
-146.4	0.0	50.0	107.6	302228	91.7
-145.9	0.0	50.0	107.4	301827	91.5
-145.4	0.0	50.0	107.5	301984	91.6
-144.8	0.0	50.0	107.4	301777	91.6
-144.3	0.0	50.0	107.5	301874	91.5
-143.7	0.0	50.0	107.5	302022	91.5
-143.3	0.0	50.0	107.4	301814	91.4
-142.8	0.0	50.0	107.3	301367	91.4
-142.3	0.0	50.0	107.0	300596	91.2
-141.8	0.0	50.0	107.0	300634	91.2
-141.3	0.0	50.0	107.0	300662	91.3
-140.8	0.0	50.0	107.1	300785	91.3
-140.4	0.0	50.0	107.3	301400	91.6
-139.9	0.0	50.0	107.2	301297	91.4
-139.4	0.0	50.0	107.1	300752	91.3
-138.9	0.0	50.0	107.3	301449	91.5
-138.4	0.0	50.0	106.8	300053	91.3
-137.8	0.0	50.0	107.2	301298	91.5
-137.3	0.0	50.0	107.4	301746	91.6
-136.8	0.0	50.0	107.1	300805	91.3
-136.3	0.0	50.0	106.8	300061	91.2
-135.8	0.0	50.0	106.8	299951	91.2
-135.3	0.0	50.0	107.2	301238	91.4
-134.8	0.0	50.0	107.1	300839	91.3
-134.2	0.0	50.0	107.1	300921	91.1
-133.7	0.0	50.0	107.3	301504	91.3
-133.2	0.0	50.0	107.2	301087	91.3
-132.6	0.0	50.0	107.3	301349	91.3
-132.1	0.0	50.0	107.1	300766	91.3
-131.6	0.0	50.0	107.0	300523	91.4
-131.1	0.0	50.0	106.9	300296	91.2
-130.5	0.0	50.0	107.0	300482	91.1
-130.0	0.0	50.0	106.7	299813	90.9
-129.5	0.0	50.0	107.0	300584	91.2
-128.9	0.0	50.0	106.8	299956	90.9
-128.4	0.0	50.0	106.6	299471	90.8
-127.9	0.0	50.0	106.7	299854	90.8
-127.4	0.0	50.0	107.0	300683	91.2
-126.8	0.0	50.0	106.9	300458	91.0
-126.3	0.0	50.0	106.8	300036	91.1
-125.8	0.0	50.0	106.5	299157	90.7
-125.2	0.0	50.0	106.8	299929	91.0
-124.7	0.0	50.0	106.4	298917	90.7
-124.2	0.0	50.0	106.3	298589	90.5
-123.7	0.0	50.0	106.6	299386	90.8
-123.2	0.0	50.0	106.9	300189	91.1
-122.7	0.0	50.0	107.2	301261	91.5
-122.1	0.0	50.0	107.2	301109	91.2
-121.6	0.0	50.0	107.2	301224	91.3
-121.1	0.0	50.0	107.2	301185	91.4
-120.6	0.0	50.0	106.9	300240	91.1
-120.1	0.0	50.0	106.7	299638	90.9
-119.6	0.0	50.0	106.5	299111	90.7
-119.0	0.0	50.0	106.5	299323	90.8
-118.5	0.0	50.0	106.7	299710	90.9
-118.0	0.0	50.0	106.6	299400	90.9
-117.5	0.0	50.0	106.5	299294	90.9
-117.0	0.0	50.0	106.8	299979	91.1
-116.5	0.0	50.0	106.9	300313	91.2
-115.9	0.0	50.0	106.8	299918	91.3
-115.4	0.0	50.0	106.6	299432	91.2
-114.9	0.0	50.0	106.6	299458	91.1
-114.4	0.0	50.0	106.3	298712	90.8
-113.8	0.0	50.0	106.2	298491	90.6
-113.3	0.0	50.0	106.4	298863	90.9
-112.8	0.0	50.0	106.3	298727	91.0
-112.3	0.0	50.0	106.8	300097	91.2
-111.8	0.0	50.0	106.6	299622	91.0
-111.2	0.0	50.0	106.5	299138	90.9
-110.7	0.0	50.0	106.7	299858	91.0
-110.2	0.0	50.0	106.6	299602	91.0
-109.7	0.0	50.0	106.8	300074	91.0
-109.1	0.0	50.0	107.1	300817	91.2
-108.6	0.0	50.0	107.0	300745	91.2
-108.1	0.0	50.0	106.9	300427	91.1
-107.6	0.0	50.0	106.7	299781	90.9
-107.1	0.0	50.0	106.8	299975	90.9
-106.6	0.0	50.0	106.8	300092	91.0
-106.0	0.0	50.0	106.9	300256	90.9
-105.5	0.0	50.0	107.0	300472	91.2
-105.0	0.0	50.0	106.8	300097	91.1
-104.5	0.0	50.0	106.8	300057	91.1
-104.0	0.0	50.0	106.5	299146	90.7
-103.5	0.0	50.0	106.5	299092	90.8
-102.9	0.0	50.0	106.5	299117	90.8
-102.4	0.0	50.0	106.6	299404	91.0
-101.9	0.0	50.0	107.0	300563	91.2
-101.4	0.0	50.0	106.9	300228	91.2
-100.9	0.0	50.0	106.7	299735	90.9
-100.4	0.0	50.0	106.8	300018	91.1
-99.8	0.0	50.0	107.0	300603	91.3
-99.3	0.0	50.0	106.9	300265	91.1
-98.8	0.0	50.0	107.0	300732	91.2
-98.3	0.0	50.0	107.1	300969	91.1
-97.7	0.0	50.0	106.8	300051	91.0
-97.2	0.0	50.0	106.9	300188	91.2
-96.7	0.0	50.0	107.2	301173	91.3
-96.2	0.0	50.0	107.2	301299	91.4
-95.7	0.0	50.0	107.3	301369	91.4
-95.1	0.0	50.0	106.8	300009	91.0
-94.6	0.0	50.0	106.8	299932	91.0
-94.1	0.0	50.0	107.0	300663	91.1
-93.6	0.0	50.0	106.8	299949	91.0
-93.1	0.0	50.0	106.9	300358	91.2
-92.6	0.0	50.0	106.6	299553	91.0
-92.0	0.0	50.0	107.0	300608	91.2
-91.5	0.0	50.0	107.1	300953	91.4
-91.0	0.0	50.0	106.9	300436	91.3
-90.5	0.0	50.0	106.9	300319	91.2
-89.9	0.0	50.0	107.1	300915	91.4
-89.4	0.0	50.0	106.8	300049	91.2
-88.9	0.0	50.0	106.9	300209	91.1
-88.4	0.0	50.0	106.8	300053	91.2
-87.9	0.0	50.0	107.1	300844	91.3
-87.3	0.0	50.0	107.0	300478	91.2
-86.8	0.0	50.0	106.8	300141	91.1
-86.3	0.0	50.0	107.0	300468	91.2
-85.8	0.0	50.0	106.8	300116	91.1
-85.2	0.0	50.0	107.3	301358	91.3
-84.7	0.0	50.0	107.1	300911	91.2
-84.2	0.0	50.0	106.9	300455	91.1
-83.7	0.0	50.0	107.1	300946	91.4
-83.2	0.0	50.0	107.1	300839	91.3
-82.7	0.0	50.0	106.8	299940	91.0
-82.1	0.0	50.0	106.8	299990	91.0
-81.6	0.0	50.0	106.8	300057	91.0
-81.1	0.0	50.0	106.9	300362	91.1
-80.6	0.0	50.0	106.8	300137	91.2
-80.1	0.0	50.0	107.1	300984	91.4
-79.5	0.0	50.0	106.9	300192	91.2
-79.0	0.0	50.0	107.1	300785	91.3
-78.5	0.0	50.0	107.0	300470	91.2
-77.9	0.0	50.0	107.1	300939	91.3
-77.4	0.0	50.0	107.0	300528	91.1
-76.9	0.0	50.0	107.2	301200	91.4
-76.4	0.0	50.0	107.4	301624	91.5
-75.9	0.0	50.0	107.4	301635	91.4
-75.3	0.0	50.0	107.2	301273	91.4
-74.8	0.0	50.0	107.3	301388	91.4
-74.3	0.0	50.0	107.4	301817	91.6
-73.8	0.0	50.0	107.1	300933	91.4
-73.3	0.0	50.0	107.0	300505	91.1
-72.7	0.0	50.0	106.9	300278	91.2
-72.2	0.0	50.0	106.9	300336	91.1
-71.7	0.0	50.0	107.0	300657	91.2
-71.2	0.0	50.0	107.2	301293	91.3
-70.7	0.0	50.0	107.3	301394	91.4
-70.2	0.0	50.0	107.3	301334	91.4
-69.7	0.0	50.0	107.2	301176	91.3
-69.1	0.0	50.0	107.2	301200	91.2
-68.6	0.0	50.0	107.2	301124	91.3
-68.1	0.0	50.0	106.8	300085	91.1
-67.5	0.0	50.0	107.2	301160	91.4
-67.0	0.0	50.0	107.5	302013	91.7
-66.5	0.0	50.0	107.4	301862	91.8
-66.0	0.0	50.0	107.3	301573	91.4
-65.5	0.0	50.0	107.2	301246	91.4
-64.9	0.0	50.0	107.4	301864	91.6
-64.4	0.0	50.0	107.5	301921	91.6
-63.9	0.0	50.0	107.3	301423	91.5
-63.4	0.0	50.0	107.2	301264	91.5
-62.9	0.0	50.0	107.5	302128	91.7
-62.4	0.0	50.0	107.6	302312	91.7
-61.8	0.0	50.0	107.3	301502	91.5
-61.3	0.0	50.0	107.4	301825	91.5
-60.8	0.0	50.0	107.5	302051	91.6
-60.3	0.0	50.0	107.4	301813	91.5
-59.8	0.0	50.0	107.6	302268	91.7
-59.2	0.0	50.0	107.5	301872	91.5
-58.7	0.0	50.0	107.8	302896	91.8
-58.2	0.0	50.0	107.5	302010	91.6
-57.7	0.0	50.0	107.7	302439	91.7
-57.2	0.0	50.0	107.6	302346	91.8
-56.7	0.0	50.0	107.5	302093	91.6
-56.1	0.0	50.0	107.6	302261	91.7
-55.6	0.0	50.0	107.3	301568	91.4
-55.1	0.0	50.0	107.4	301604	91.4
-54.6	0.0	50.0	107.4	301771	91.5
-54.1	0.0	50.0	107.7	302462	91.6
-53.6	0.0	50.0	107.9	303142	91.8
-53.0	0.0	50.0	107.7	302652	91.8
-52.5	0.0	50.0	107.4	301681	91.6
-52.0	0.0	50.0	107.6	302297	91.6
-51.5	0.0	50.0	107.4	301791	91.4
-51.0	0.0	50.0	107.6	302244	91.5
-50.4	0.0	50.0	107.4	301728	91.5
-49.9	0.0	50.0	107.0	300646	91.3
-49.3	0.0	50.0	107.1	300886	91.4
-48.8	0.0	50.0	107.5	302063	91.6
-48.3	0.0	50.0	107.5	302020	91.6
-47.8	0.0	50.0	107.5	302030	91.6
-47.3	0.0	50.0	107.4	301592	91.4
-46.8	0.0	50.0	107.3	301389	91.3
-46.2	0.0	50.0	107.3	301333	91.3
-45.7	0.0	50.0	107.4	301612	91.4
-45.2	0.0	50.0	107.2	301052	91.3
-44.7	0.0	50.0	107.4	301670	91.6
-44.2	0.0	50.0	107.2	301123	91.6
-43.7	0.0	50.0	107.3	301406	91.4
-43.2	0.0	50.0	107.2	301070	91.4
-42.6	0.0	50.0	107.0	300622	91.3
-42.1	0.0	50.0	107.3	301552	91.4
-41.6	0.0	50.0	107.5	301874	91.6
-41.1	0.0	50.0	107.4	301790	91.7
-40.6	0.0	50.0	107.3	301402	91.5
-40.1	0.0	50.0	107.2	301128	91.3
-39.5	0.0	50.0	107.2	301031	91.4
-39.0	0.0	50.0	107.2	301223	91.3
-38.5	0.0	50.0	107.2	301198	91.4
-38.0	0.0	50.0	107.1	300795	91.4
-37.5	0.0	50.0	106.9	300315	91.3
-36.9	0.0	50.0	107.0	300563	91.2
-36.4	0.0	50.0	107.3	301384	91.3
-35.9	0.0	50.0	107.3	301496	91.5
-35.4	0.0	50.0	107.1	300985	91.4
-34.9	0.0	50.0	107.3	301494	91.4
-34.3	0.0	50.0	107.1	300982	91.3
-33.8	0.0	50.0	107.2	301134	91.3
-33.3	0.0	50.0	107.0	300601	91.0
-32.8	0.0	50.0	107.1	300973	91.2
-32.2	0.0	50.0	107.3	301418	91.4
-31.7	0.0	50.0	107.2	301216	91.2
-31.2	0.0	50.0	107.0	300535	91.0
-30.6	0.0	50.0	107.1	300821	91.1
-30.1	0.0	50.0	106.9	300432	91.0
-29.6	0.0	50.0	107.0	300531	91.1
-29.1	0.0	50.0	106.6	299557	90.9
-28.6	0.0	50.0	106.7	299844	91.0
-28.0	0.0	50.0	106.7	299679	90.8
-27.5	0.0	50.0	107.0	300588	91.2
-27.0	0.0	50.0	106.6	299616	91.1
-26.5	0.0	50.0	106.9	300263	91.2
-25.9	0.0	50.0	106.9	300388	91.1
-25.4	0.0	50.0	106.8	299931	91.1
-24.9	0.0	50.0	106.4	298983	90.8
-24.3	0.0	50.0	106.8	300180	91.3
-23.8	0.0	50.0	106.9	300448	91.1
-23.3	0.0	50.0	106.6	299443	90.9
-22.8	0.0	50.0	107.2	301250	91.3
-22.3	0.0	50.0	106.9	300369	91.0
-21.8	0.0	50.0	106.9	300379	91.1
-21.2	0.0	50.0	107.2	301202	91.2
-20.7	0.0	50.0	107.0	300632	91.2
-20.2	0.0	50.0	107.1	300771	91.3
-19.7	0.0	50.0	107.1	301017	91.3
-19.1	0.0	50.0	106.8	299962	91.0
-18.6	0.0	50.0	107.0	300494	91.3
-18.1	0.0	50.0	106.8	300106	91.0
-17.6	0.0	50.0	106.7	299683	90.9
-17.1	0.0	50.0	106.9	300416	91.2
-16.5	0.0	50.0	106.8	299986	91.2
-16.0	0.0	50.0	107.0	300682	91.2
-15.5	0.0	50.0	106.9	300341	91.2
-15.0	0.0	50.0	106.9	300398	91.2
-14.5	0.0	50.0	107.0	300687	91.3
-14.0	0.0	50.0	107.4	301822	91.6
-13.4	0.0	50.0	107.3	301326	91.4
-12.9	0.0	50.0	107.2	301034	91.2
-12.4	0.0	50.0	106.9	300266	91.0
-11.8	0.0	50.0	106.9	300422	91.1
-11.3	0.0	50.0	107.3	301407	91.3
-10.7	0.0	50.0	107.2	301058	91.3
-10.2	0.0	50.0	107.0	300670	91.2
-9.8	0.0	50.0	106.9	300232	91.0
-9.3	0.0	50.0	106.9	300411	91.1
-8.8	0.0	50.0	107.1	300776	91.2
-8.3	0.0	50.0	106.9	300211	91.0
-7.8	0.0	50.0	107.2	301034	91.2
-7.3	0.0	50.0	107.0	300684	91.1
-6.8	0.0	50.0	106.9	300365	91.1
-6.3	0.0	50.0	106.7	299843	91.0
-5.7	0.0	50.0	106.9	300277	91.0
-5.2	0.0	50.0	106.3	298610	90.5
-4.7	0.0	50.0	106.4	298880	90.8
-4.2	0.0	50.0	106.5	299209	90.8
-3.7	0.0	50.0	106.5	299074	90.9
-3.1	0.0	50.0	106.5	299255	91.0
-2.6	0.0	50.0	106.6	299360	90.9
-2.1	0.0	50.0	106.3	298745	90.7
-1.6	0.0	50.0	106.3	298676	90.7
-1.1	0.0	50.0	106.4	298965	90.6
-0.6	0.0	50.0	106.4	298937	90.7
-0.1	0.0	50.0	106.4	299054	90.8
0.4	0.0	50.0	106.4	299060	90.7
0.9	0.0	50.0	106.4	298973	90.7
1.5	0.0	50.0	106.2	298357	90.5
2.0	0.0	50.0	106.3	298587	90.5
2.5	0.0	50.0	106.5	299199	90.6
3.0	0.0	50.0	106.7	299768	90.9
3.5	0.0	50.0	106.5	299231	90.8
4.0	0.0	50.0	106.4	299056	90.7
4.6	0.0	50.0	106.7	299751	90.9
5.1	0.0	50.0	106.5	299112	90.6
5.6	0.0	50.0	106.8	300004	90.9
6.1	0.0	50.0	106.8	299908	91.0
6.7	0.0	50.0	106.7	299682	90.8
7.2	0.0	50.0	106.6	299371	90.7
7.7	0.0	50.0	106.8	300078	90.9
8.2	0.0	50.0	106.9	300290	91.1
8.8	0.0	50.0	107.1	301004	91.3
9.3	0.0	50.0	106.9	300393	91.0
9.8	0.0	50.0	107.0	300486	91.1
10.3	0.0	50.0	107.2	301129	91.3
10.9	0.0	50.0	107.0	300678	91.2
11.4	0.0	50.0	107.0	300579	91.3
11.9	0.0	50.0	107.3	301365	91.3
12.4	0.0	50.0	107.2	301136	91.2
12.9	0.0	50.0	107.3	301479	91.3
13.5	0.0	50.0	107.3	301581	91.3
14.0	0.0	50.0	107.3	301444	91.3
14.5	0.0	50.0	107.3	301342	91.4
15.0	0.0	50.0	107.1	300983	91.4
15.6	0.0	50.0	106.8	300145	91.1
16.1	0.0	50.0	106.9	300402	91.2
16.6	0.0	50.0	107.1	300759	91.3
17.1	0.0	50.0	106.6	299556	91.1
17.7	0.0	50.0	106.7	299763	91.1
18.2	0.0	50.0	106.9	300224	91.2
18.7	0.0	50.0	107.2	301073	91.3
19.2	0.0	50.0	106.8	300180	91.0
19.8	0.0	50.0	106.9	300302	91.1
20.3	0.0	50.0	107.0	300601	91.2
20.8	0.0	50.0	107.1	300778	91.0
21.4	0.0	50.0	106.7	299798	91.0
21.9	0.0	50.0	107.0	300726	91.2
22.4	0.0	50.0	107.2	301177	91.4
22.9	0.0	50.0	107.0	300657	91.2
23.4	0.0	50.0	106.7	299700	90.8
23.9	0.0	50.0	106.7	299723	90.9
24.4	0.0	50.0	106.8	299951	91.0
25.0	0.0	50.0	107.0	300496	91.1
25.5	0.0	50.0	107.0	300598	91.0
26.0	0.0	50.0	106.8	300113	91.0
26.5	0.0	50.0	107.1	300841	91.3
27.0	0.0	50.0	106.9	300351	91.1
27.5	0.0	50.0	107.0	300603	91.2
28.1	0.0	50.0	106.9	300281	91.1
28.6	0.0	50.0	106.7	299834	91.1
29.1	0.0	50.0	106.8	300051	91.1
29.6	0.0	50.0	106.7	299780	91.1
30.1	0.0	50.0	106.9	300231	91.1
30.6	0.0	50.0	107.2	301149	91.5
31.2	0.0	50.0	107.1	300903	91.4
31.7	0.0	50.0	106.7	299743	91.1
32.2	0.0	50.0	106.9	300260	91.2
32.7	0.0	50.0	107.0	300575	91.3
33.3	0.0	50.0	107.0	300653	91.2
33.8	0.0	50.0	107.2	301173	91.2
34.3	0.0	50.0	107.2	301173	91.4
34.8	0.0	50.0	107.1	301013	91.2
35.3	0.0	50.0	107.1	300801	91.2
35.9	0.0	50.0	107.0	300635	91.2
36.4	0.0	50.0	107.2	301211	91.5
36.9	0.0	50.0	107.5	302063	91.5
37.5	0.0	50.0	107.3	301554	91.4
38.0	0.0	50.0	107.3	301356	91.4
38.5	0.0	50.0	107.2	301299	91.3
39.0	0.0	50.0	107.4	301810	91.4
39.5	0.0	50.0	107.4	301591	91.3
40.0	0.0	50.0	107.3	301472	91.4
40.6	0.0	50.0	107.2	301240	91.3
41.1	0.0	50.0	107.3	301349	91.4
41.6	0.0	50.0	107.5	301873	91.5
42.1	0.0	50.0	107.2	301271	91.4
42.6	0.0	50.0	107.2	301115	91.1
43.1	0.0	50.0	107.1	301009	91.2
43.7	0.0	50.0	107.3	301420	91.5
44.2	0.0	50.0	107.3	301350	91.5
44.7	0.0	50.0	106.9	300373	91.1
45.2	0.0	50.0	106.9	300289	91.2
45.7	0.0	50.0	107.3	301424	91.5
46.3	0.0	50.0	107.3	301548	91.5
46.8	0.0	50.0	107.5	302013	91.6
47.3	0.0	50.0	107.7	302478	91.8
47.8	0.0	50.0	107.5	302047	91.6
48.4	0.0	50.0	107.2	301033	91.1
48.9	0.0	50.0	107.0	300614	91.2
49.4	0.0	50.0	107.3	301335	91.3
49.9	0.0	50.0	107.3	301588	91.4
50.5	0.0	50.0	107.3	301345	91.5
51.0	0.0	50.0	107.3	301419	91.4
51.5	0.0	50.0	107.5	301886	91.6
52.0	0.0	50.0	107.6	302370	91.8
52.5	0.0	50.0	107.6	302309	91.6
53.1	0.0	50.0	107.5	301910	91.4
53.6	0.0	50.0	107.6	302185	91.4
54.1	0.0	50.0	107.4	301664	91.3
54.6	0.0	50.0	107.4	301830	91.5
55.1	0.0	50.0	107.4	301849	91.5
55.6	0.0	50.0	107.4	301791	91.6
56.1	0.0	50.0	107.7	302556	91.8
56.7	0.0	50.0	107.3	301564	91.4
57.2	0.0	50.0	107.5	302074	91.5
57.7	0.0	50.0	107.8	302864	91.8
58.2	0.0	50.0	107.4	301627	91.5
58.7	0.0	50.0	107.3	301434	91.4
59.3	0.0	50.0	107.5	301891	91.6
59.8	0.0	50.0	107.5	302069	91.7
60.3	0.0	50.0	107.4	301643	91.5
60.8	0.0	50.0	107.2	301122	91.3
61.3	0.0	50.0	107.3	301436	91.4
61.8	0.0	50.0	107.8	302858	91.8
62.4	0.0	50.0	107.4	301720	91.6
62.9	0.0	50.0	107.2	301287	91.3
63.4	0.0	50.0	107.5	302059	91.6
63.9	0.0	50.0	107.5	302016	91.5
64.5	0.0	50.0	107.5	301991	91.4
65.0	0.0	50.0	107.3	301538	91.5
65.5	0.0	50.0	107.4	301765	91.6
66.0	0.0	50.0	107.3	301485	91.5
66.5	0.0	50.0	107.5	301964	91.7
67.1	0.0	50.0	107.1	301011	91.3
67.6	0.0	50.0	107.2	301218	91.4
68.1	0.0	50.0	107.4	301768	91.5
68.6	0.0	50.0	107.1	300855	91.3
69.2	0.0	50.0	107.1	300856	91.3
69.7	0.0	50.0	107.0	300708	91.3
70.2	0.0	50.0	107.0	300701	91.3
70.7	0.0	50.0	106.9	300459	91.0
71.2	0.0	50.0	107.2	301307	91.3
71.7	0.0	50.0	107.2	301285	91.3
72.3	0.0	50.0	107.0	300638	91.2
72.8	0.0	50.0	107.1	300907	91.2
73.3	0.0	50.0	106.9	300276	91.1
73.8	0.0	50.0	106.9	300404	91.2
74.3	0.0	50.0	107.1	300865	91.2
74.9	0.0	50.0	107.3	301344	91.4
75.4	0.0	50.0	107.1	300885	91.2
75.9	0.0	50.0	107.2	301254	91.2
76.4	0.0	50.0	107.2	301137	91.2
77.0	0.0	50.0	107.0	300671	91.1
77.5	0.0	50.0	107.1	300813	91.1
78.0	0.0	50.0	107.0	300697	91.2
78.5	0.0	50.0	107.1	300814	91.3
79.1	0.0	50.0	107.0	300514	91.2
79.6	0.0	50.0	107.5	302023	91.5
80.1	0.0	50.0	107.2	301283	91.4
80.6	0.0	50.0	107.0	300524	91.1
81.1	0.0	50.0	106.9	300296	90.9
81.7	0.0	50.0	107.0	300570	91.1
82.2	0.0	50.0	107.4	301720	91.4
82.7	0.0	50.0	107.1	300770	91.0
83.2	0.0	50.0	107.1	300914	91.2
83.8	0.0	50.0	107.2	301158	91.4
84.3	0.0	50.0	107.2	301238	91.5
84.8	0.0	50.0	107.0	300485	91.0
85.3	0.0	50.0	107.1	301023	91.0
85.8	0.0	50.0	106.9	300377	91.0
86.3	0.0	50.0	106.9	300233	91.0
86.8	0.0	50.0	107.1	300893	91.1
87.3	0.0	50.0	107.0	300483	91.2
87.8	0.0	50.0	106.8	299911	91.0
88.4	0.0	50.0	107.0	300612	91.2
88.9	0.0	50.0	107.1	300814	91.3
89.4	0.0	50.0	107.1	300862	91.4
89.9	0.0	50.0	107.2	301206	91.4
90.4	0.0	50.0	107.3	301397	91.4
90.9	0.0	50.0	107.1	300763	91.3
91.5	0.0	50.0	107.3	301450	91.5
92.0	0.0	50.0	107.2	301031	91.4
92.5	0.0	50.0	107.0	300527	91.1
93.0	0.0	50.0	107.0	300474	91.2
93.6	0.0	50.0	107.2	301186	91.3
94.1	0.0	50.0	107.3	301332	91.5
94.6	0.0	50.0	107.1	300838	91.2
95.1	0.0	50.0	106.7	299774	90.9
95.7	0.0	50.0	106.8	299966	90.8
96.2	0.0	50.0	107.2	301175	91.2
96.7	0.0	50.0	107.2	301220	91.4
97.3	0.0	50.0	107.1	300913	91.2
97.8	0.0	50.0	107.2	301213	91.1
98.3	0.0	50.0	107.3	301413	91.2
98.8	0.0	50.0	107.4	301595	91.4
99.3	0.0	50.0	107.2	301300	91.1
99.8	0.0	50.0	106.8	300155	90.9
100.4	0.0	50.0	106.6	299596	90.7
100.9	0.0	50.0	106.9	300391	90.9
101.4	0.0	50.0	107.3	301319	91.3
101.9	0.0	50.0	107.2	301211	91.4
102.4	0.0	50.0	106.8	300088	91.0
103.0	0.0	50.0	106.9	300324	91.1
103.5	0.0	50.0	106.7	299760	90.9
104.0	0.0	50.0	106.8	300021	91.0
104.5	0.0	50.0	106.5	299138	90.7
105.0	0.0	50.0	106.4	298971	90.7
105.5	0.0	50.0	106.6	299582	90.9
106.0	0.0	50.0	106.8	299950	90.9
106.6	0.0	50.0	106.6	299593	90.9
107.1	0.0	50.0	106.9	300246	90.9
107.6	0.0	50.0	107.1	300748	91.3
108.1	0.0	50.0	106.8	299969	90.8
108.6	0.0	50.0	106.9	300423	91.0
109.2	0.0	50.0	107.0	300593	91.1
109.7	0.0	50.0	106.7	299744	90.9
110.2	0.0	50.0	106.9	300230	91.2
110.7	0.0	50.0	106.6	299535	90.8
111.2	0.0	50.0	106.6	299586	90.8
111.7	0.0	50.0	106.9	300225	91.0
112.3	0.0	50.0	106.5	299254	90.7
112.8	0.0	50.0	106.8	300086	90.9
113.3	0.0	50.0	107.2	301305	91.2
113.8	0.0	50.0	107.0	300722	91.1
114.4	0.0	50.0	106.9	300356	91.0
114.9	0.0	50.0	106.8	300133	90.9
115.4	0.0	50.0	106.8	300009	91.0
115.9	0.0	50.0	106.7	299692	90.8
116.5	0.0	50.0	106.8	300081	90.9
117.0	0.0	50.0	107.0	300502	91.1
117.5	0.0	50.0	106.9	300295	91.0
118.0	0.0	50.0	106.8	300134	91.0
118.6	0.0	50.0	107.1	300996	91.3
119.1	0.0	50.0	107.1	300873	91.3
119.6	0.0	50.0	107.3	301391	91.4
120.1	0.0	50.0	106.9	300353	91.1
120.6	0.0	50.0	107.0	300692	91.1
121.2	0.0	50.0	107.2	301113	91.4
121.7	0.0	50.0	107.0	300668	91.1
122.2	0.0	50.0	107.1	300747	91.2
122.7	0.0	50.0	107.0	300587	91.0
123.2	0.0	50.0	107.2	301200	91.2
123.7	0.0	50.0	107.0	300744	91.2
124.3	0.0	50.0	107.2	301304	91.4
124.8	0.0	50.0	106.8	300170	90.9
125.3	0.0	50.0	106.9	300361	91.1
125.9	0.0	50.0	107.0	300550	91.1
126.4	0.0	50.0	107.3	301440	91.4
126.9	0.0	50.0	107.3	301566	91.5
127.5	0.0	50.0	107.3	301503	91.4
128.0	0.0	50.0	107.4	301658	91.3
128.5	0.0	50.0	107.1	300798	91.2
129.0	0.0	50.0	107.1	300977	91.2
129.6	0.0	50.0	106.9	300331	91.0
130.1	0.0	50.0	107.1	300828	91.3
130.6	0.0	50.0	107.5	302107	91.6
131.1	0.0	50.0	107.6	302287	91.6
131.6	0.0	50.0	107.3	301386	91.2
132.1	0.0	50.0	107.3	301355	91.2
132.7	0.0	50.0	107.2	301098	91.1
133.2	0.0	50.0	107.3	301322	91.3
133.7	0.0	50.0	107.4	301602	91.5
134.2	0.0	50.0	107.6	302286	91.6
134.7	0.0	50.0	107.8	302839	91.8
135.2	0.0	50.0	107.3	301576	91.4
135.7	0.0	50.0	107.4	301593	91.4
136.3	0.0	50.0	107.2	301214	91.4
136.8	0.0	50.0	107.2	301259	91.4
137.3	0.0	50.0	107.4	301869	91.5
137.8	0.0	50.0	107.4	301673	91.4
138.3	0.0	50.0	107.5	302073	91.3
138.8	0.0	50.0	107.5	301965	91.4
139.4	0.0	50.0	107.8	302923	91.7
139.9	0.0	50.0	107.8	302734	91.8
140.4	0.0	50.0	107.7	302524	91.6
140.9	0.0	50.0	107.5	302012	91.5
141.4	0.0	50.0	107.7	302593	91.8
142.0	0.0	50.0	107.6	302254	91.5
142.5	0.0	50.0	107.5	302102	91.5
143.0	0.0	50.0	107.6	302151	91.6
143.5	0.0	50.0	107.5	301998	91.7
144.0	0.0	50.0	107.7	302702	91.9
144.5	0.0	50.0	107.8	302955	92.0
145.1	0.0	50.0	107.6	302284	91.8
145.6	0.0	50.0	107.8	302790	91.9
146.1	0.0	50.0	107.9	303031	91.9
146.6	0.0	50.0	107.8	302809	91.9
147.1	0.0	50.0	108.0	303307	92.1
147.7	0.0	50.0	108.1	303706	92.1
148.2	0.0	50.0	107.8	302819	91.8
148.7	0.0	50.0	107.9	303000	91.8
149.2	0.0	50.0	107.9	303115	91.7
149.7	0.0	50.0	108.2	304025	92.0
150.2	0.0	50.0	107.9	303116	91.7
150.7	0.0	50.0	107.9	303187	91.8
151.3	0.0	50.0	108.4	304428	92.3
151.8	0.0	50.0	108.0	303505	92.0
152.3	0.0	50.0	108.2	303870	92.0
152.8	0.0	50.0	107.7	302636	91.7
153.3	0.0	50.0	108.2	303861	91.9
153.9	0.0	50.0	107.9	303104	91.7
154.4	0.0	50.0	107.7	302633	91.7
154.9	0.0	50.0	108.0	303550	91.9
155.5	0.0	50.0	108.4	304567	92.2
156.0	0.0	50.0	108.3	304329	92.3
156.5	0.0	50.0	108.4	304582	92.3
157.1	0.0	50.0	107.9	303034	91.9
157.6	0.0	50.0	107.9	303073	91.9
158.1	0.0	50.0	108.0	303350	92.1
158.6	0.0	50.0	107.7	302623	91.8
159.2	0.0	50.0	107.6	302321	91.6
159.7	0.0	50.0	107.7	302573	91.8
160.2	0.0	50.0	107.6	302161	91.6
160.7	0.0	50.0	107.6	302307	91.6
161.3	0.0	50.0	107.6	302346	91.7
161.8	0.0	50.0	107.6	302298	91.7
162.3	0.0	50.0	107.8	302860	91.9
162.8	0.0	50.0	107.4	301687	91.6
163.3	0.0	50.0	107.2	301122	91.6
163.9	0.0	50.0	107.3	301344	91.5
164.4	0.0	50.0	107.5	301961	91.8
164.9	0.0	50.0	107.2	301283	91.4
165.4	0.0	50.0	107.2	301257	91.4
165.9	0.0	50.0	107.1	300969	91.2
166.5	0.0	50.0	107.0	300657	91.1
167.0	0.0	50.0	107.4	301718	91.5
167.5	0.0	50.0	107.3	301368	91.4
168.0	0.0	50.0	107.1	300953	91.1
168.5	0.0	50.0	107.1	300907	91.1
169.0	0.0	50.0	106.9	300393	91.1
169.6	0.0	50.0	107.3	301455	91.4
170.1	0.0	50.0	107.1	300771	91.3
170.6	0.0	50.0	106.8	300014	91.0
171.1	0.0	50.0	107.0	300627	91.1
171.6	0.0	50.0	107.3	301436	91.3
172.2	0.0	50.0	107.2	301056	91.4
172.7	0.0	50.0	107.0	300574	90.9
173.2	0.0	50.0	107.1	300801	91.0
173.7	0.0	50.0	106.9	300318	90.9
174.2	0.0	50.0	106.9	300459	90.9
174.8	0.0	50.0	106.6	299530	90.8
175.3	0.0	50.0	106.9	300296	91.1
175.8	0.0	50.0	106.8	299940	90.9
176.3	0.0	50.0	106.8	300165	90.7
176.8	0.0	50.0	106.7	299786	90.7
177.3	0.0	50.0	106.7	299763	90.8
177.9	0.0	50.0	106.3	298710	90.5
178.4	0.0	50.0	106.2	298442	90.5
178.9	0.0	50.0	106.6	299353	90.8
179.3	0.0	50.0	106.6	299503	90.8
179.6	0.0	50.0	106.3	298631	90.4
179.7	0.0	50.0	106.4	299043	90.7
179.9	0.0	50.0	106.6	299483	90.9
180.1	0.0	50.0	106.2	298407	90.4
180.3	0.0	50.0	106.5	299089	90.6
180.9	0.0	50.0	106.4	298947	90.7
181.6	0.0	50.0	106.4	298874	90.4
182.1	0.0	50.0	106.1	298028	90.3
182.6	0.0	50.0	106.1	297979	90.3
183.1	0.0	50.0	106.2	298243	90.3
183.5	0.0	50.0	106.1	298047	90.3
184.0	0.0	50.0	106.0	297681	90.2
184.5	0.0	50.0	105.9	297552	90.1
185.0	0.0	50.0	106.0	297879	90.1
185.5	0.0	50.0	105.9	297428	90.0
186.0	0.0	50.0	105.9	297461	90.0
186.6	0.0	50.0	105.7	296990	90.0
187.1	0.0	50.0	105.6	296709	89.8
187.6	0.0	50.0	105.6	296621	89.8
188.0	0.0	50.0	105.6	296553	89.8
188.5	0.0	50.0	105.7	297034	89.9
189.0	0.0	50.0	105.6	296593	89.7
189.6	0.0	50.0	105.4	296086	89.7
190.1	0.0	50.0	105.4	296103	89.6
190.6	0.0	50.0	105.3	295759	89.5
191.1	0.0	50.0	105.4	296168	89.6
191.5	0.0	50.0	105.4	296043	89.5
192.1	0.0	50.0	105.1	295298	89.2
192.6	0.0	50.0	105.1	295239	89.2
193.1	0.0	50.0	105.0	294856	89.2
193.6	0.0	50.0	104.7	294012	89.1
194.1	0.0	50.0	104.5	293604	88.9
194.6	0.0	50.0	104.5	293638	89.0
195.1	0.0	50.0	104.6	293798	88.9
195.6	0.0	50.0	104.3	292890	88.5
196.1	0.0	50.0	104.3	293089	88.7
196.6	0.0	50.0	104.1	292344	88.5
197.1	0.0	50.0	103.8	291751	88.4
197.6	0.0	50.0	103.6	291000	88.1
198.1	0.0	50.0	103.4	290436	87.9
198.6	0.0	50.0	103.0	289502	87.7
199.1	0.0	50.0	103.0	289233	87.6
199.6	0.0	50.0	102.6	288373	87.3
200.1	0.0	50.0	102.1	286862	86.9
200.6	0.0	50.0	101.8	286128	86.8
201.1	0.0	50.0	101.4	284767	86.2
201.6	0.0	50.0	100.8	283069	85.7
202.1	0.0	50.0	100.1	281339	85.0
202.6	0.0	50.0	99.2	278818	84.3
203.1	0.0	50.0	97.9	275041	83.2
203.6	0.0	50.0	96.3	270434	81.9
204.1	0.0	50.0	94.1	264226	80.0
204.6	0.0	50.0	91.2	256330	77.6
205.1	0.0	50.0	88.3	248182	75.1
205.6	0.0	50.0	84.7	237985	72.1
206.1	0.0	50.0	80.7	226797	68.6
206.6	0.0	50.0	76.5	214929	65.1
207.1	0.0	50.0	71.2	199952	60.5
207.7	0.0	50.0	65.1	182921	55.4
208.2	0.0	50.0	59.6	167401	50.7
208.6	0.0	50.0	54.0	151694	45.9
209.1	0.0	50.0	48.4	135860	41.1
209.6	0.0	50.0	42.9	120586	36.5
210.2	0.0	50.0	37.8	106104	32.1
210.7	0.0	50.0	32.5	91364	27.7
211.2	0.0	50.0	28.5	80051	24.2
211.7	0.0	50.0	24.8	69683	21.1
212.2	0.0	50.0	22.4	63029	19.1
212.7	0.0	50.0	20.5	57628	17.5
213.2	0.0	50.0	19.2	53864	16.3
213.7	0.0	50.0	18.0	50495	15.3
214.2	0.0	50.0	17.2	48272	14.6
214.7	0.0	50.0	16.5	46239	14.0
215.2	0.0	50.0	16.0	44815	13.6
215.7	0.0	50.0	15.4	43282	13.1
216.2	0.0	50.0	14.9	41875	12.7
216.7	0.0	50.0	14.6	40877	12.4
217.2	0.0	50.0	14.3	40154	12.1
217.7	0.0	50.0	13.9	39154	11.8
218.2	0.0	50.0	13.6	38334	11.6
218.7	0.0	50.0	13.4	37635	11.4
219.2	0.0	50.0	13.1	36846	11.1
219.7	0.0	50.0	13.0	36600	11.1
220.2	0.0	50.0	12.7	35710	10.8
220.7	0.0	50.0	12.5	35149	10.6
221.2	0.0	50.0	12.3	34635	10.5
221.7	0.0	50.0	12.2	34235	10.4
222.2	0.0	50.0	11.8	33291	10.1
222.7	0.0	50.0	11.8	33161	10.0
223.2	0.0	50.0	11.6	32695	9.9
223.7	0.0	50.0	11.4	32152	9.7
224.2	0.0	50.0	11.4	32113	9.7
224.7	0.0	50.0	11.2	31545	9.6
225.2	0.0	50.0	11.1	31156	9.4
225.8	0.0	50.0	10.9	30648	9.3
226.2	0.0	50.0	10.8	30364	9.2
226.7	0.0	50.0	10.7	30039	9.1
227.2	0.0	50.0	10.6	29674	9.0
227.7	0.0	50.0	10.5	29409	8.9
228.3	0.0	50.0	10.4	29101	8.8
228.8	0.0	50.0	10.2	28605	8.7
229.3	0.0	50.0	10.1	28408	8.6
230.0	0.0	50.0	10.0	28076	8.5


