Patient Name: Water, Phantom
Patient ID: WP 001
Plan: 16MV
Course: TA
Date: Tuesday, June 02, 2020 2:48:10 PM
Exported by: alanphys

Start: (0.00, -0.13, 0.00)
End:   (0.00, 41.94, 0.00)

	Field 1
0.000000	0.000000
0.025008	3.967796
0.050017	9.862782
0.075025	15.757768
0.100033	21.652755
0.125042	27.547741
0.150050	33.442727
0.175058	39.337713
0.200067	45.232699
0.225075	51.127685
0.250083	57.022671
0.275092	60.476441
0.300100	62.762368
0.325108	65.048296
0.350117	67.334224
0.375125	69.620152
0.400133	71.906080
0.425142	74.192008
0.450150	76.477936
0.475158	78.763864
0.500167	81.049792
0.525175	82.885827
0.550183	84.509902
0.575192	86.133978
0.600200	87.758053
0.625208	89.382129
0.650217	91.006205
0.675225	92.630280
0.700233	94.254356
0.725242	95.878431
0.750250	97.502507
0.775258	98.758437
0.800267	99.843565
0.825275	100.928693
0.850283	102.013821
0.875292	103.098949
0.900300	104.184077
0.925309	105.269206
0.950317	106.354334
0.975325	107.439462
1.000334	108.524590
1.025342	109.365298
1.050350	110.094346
1.075359	110.823393
1.100367	111.552440
1.125375	112.281488
1.150384	113.010535
1.175392	113.739582
1.200400	114.468630
1.225409	115.197677
1.250417	115.926724
1.275425	116.493844
1.300434	116.988128
1.325442	117.482412
1.350450	117.976696
1.375459	118.470980
1.400467	118.965265
1.425475	119.459549
1.450484	119.953833
1.475492	120.448117
1.500500	120.942401
1.525509	121.325698
1.550517	121.659847
1.575525	121.993997
1.600534	122.328146
1.625542	122.662295
1.650550	122.996444
1.675559	123.330593
1.700567	123.664742
1.725575	123.998891
1.750584	124.333040
1.775592	124.587896
1.800600	124.808187
1.825609	125.028477
1.850617	125.248768
1.875625	125.469058
1.900634	125.689349
1.925642	125.909639
1.950650	126.129930
1.975659	126.350220
2.000667	126.570511
2.025675	126.731952
2.050684	126.868142
2.075692	127.004333
2.100700	127.140523
2.125709	127.276713
2.150717	127.412903
2.175725	127.549094
2.200734	127.685284
2.225742	127.821474
2.250750	127.957665
2.275759	128.049587
2.300767	128.122815
2.325775	128.196043
2.350784	128.269271
2.375792	128.342499
2.400800	128.415727
2.425809	128.488955
2.450817	128.562183
2.475825	128.635411
2.500834	128.708639
2.525842	128.749751
2.550850	128.777515
2.575859	128.805280
2.600867	128.833044
2.625875	128.860809
2.650884	128.888573
2.675892	128.916338
2.700900	128.944103
2.725909	128.971867
2.750917	128.999632
2.775926	129.004260
2.800934	128.999427
2.825942	128.994594
2.850951	128.989762
2.875959	128.984929
2.900967	128.980096
2.925976	128.975263
2.950984	128.970430
2.975992	128.965598
3.001001	128.960765
3.026009	128.938149
3.051017	128.908377
3.076026	128.878606
3.101034	128.848835
3.126042	128.819064
3.151051	128.789292
3.176059	128.759521
3.201067	128.729750
3.226076	128.699978
3.251084	128.670207
3.276092	128.626453
3.301101	128.577163
3.326109	128.527873
3.351117	128.478583
3.376126	128.429294
3.401134	128.380004
3.426142	128.330714
3.451151	128.281425
3.476159	128.232135
3.501167	128.182845
3.526176	128.122554
3.551184	128.057978
3.576192	127.993403
3.601201	127.928828
3.626209	127.864252
3.651217	127.799677
3.676226	127.735101
3.701234	127.670526
3.726242	127.605951
3.751251	127.541375
3.776259	127.467637
3.801267	127.390389
3.826276	127.313141
3.851284	127.235893
3.876292	127.158645
3.901301	127.081398
3.926309	127.004150
3.951317	126.926902
3.976326	126.849654
4.001334	126.772406
4.026342	126.688432
4.051351	126.601925
4.076359	126.515418
4.101367	126.428911
4.126376	126.342404
4.151384	126.255897
4.176392	126.169390
4.201401	126.082883
4.226409	125.996376
4.251417	125.909869
4.276426	125.819252
4.301434	125.727112
4.326442	125.634972
4.351451	125.542832
4.376459	125.450692
4.401467	125.358552
4.426476	125.266412
4.451484	125.174272
4.476492	125.082133
4.501501	124.989993
4.526509	124.894315
4.551518	124.797348
4.576526	124.700382
4.601534	124.603416
4.626543	124.506449
4.651551	124.409483
4.676559	124.312517
4.701568	124.215551
4.726576	124.118584
4.751584	124.021618
4.776593	123.918726
4.801601	123.813714
4.826609	123.708702
4.851618	123.603689
4.876626	123.498677
4.901634	123.393664
4.926643	123.288652
4.951651	123.183640
4.976659	123.078627
5.001668	122.973615
5.026676	122.865185
5.051684	122.755552
5.076693	122.645920
5.101701	122.536288
5.126709	122.426656
5.151718	122.317023
5.176726	122.207391
5.201734	122.097759
5.226743	121.988126
5.251751	121.878494
5.276759	121.767356
5.301768	121.655698
5.326776	121.544040
5.351784	121.432381
5.376793	121.320723
5.401801	121.209065
5.426809	121.097406
5.451818	120.985748
5.476826	120.874090
5.501834	120.762431
5.526843	120.650330
5.551851	120.538078
5.576859	120.425826
5.601868	120.313574
5.626876	120.201322
5.651884	120.089070
5.676893	119.976818
5.701901	119.864566
5.726909	119.752314
5.751918	119.640062
5.776926	119.528715
5.801934	119.417669
5.826943	119.306624
5.851951	119.195579
5.876959	119.084533
5.901968	118.973488
5.926976	118.862443
5.951984	118.751397
5.976993	118.640352
6.002001	118.529307
6.027009	118.418864
6.052018	118.308618
6.077026	118.198373
6.102034	118.088128
6.127043	117.977883
6.152051	117.867637
6.177059	117.757392
6.202068	117.647147
6.227076	117.536902
6.252084	117.426656
6.277093	117.314283
6.302101	117.201224
6.327109	117.088166
6.352118	116.975107
6.377126	116.862049
6.402135	116.748990
6.427143	116.635932
6.452151	116.522873
6.477160	116.409815
6.502168	116.296756
6.527176	116.181100
6.552185	116.064621
6.577193	115.948143
6.602201	115.831665
6.627210	115.715187
6.652218	115.598708
6.677226	115.482230
6.702235	115.365752
6.727243	115.249274
6.752251	115.132795
6.777260	115.014781
6.802268	114.896289
6.827276	114.777798
6.852285	114.659307
6.877293	114.540815
6.902301	114.422324
6.927310	114.303832
6.952318	114.185341
6.977326	114.066850
7.002335	113.948358
7.027343	113.829713
7.052351	113.711022
7.077360	113.592331
7.102368	113.473639
7.127376	113.354948
7.152385	113.236256
7.177393	113.117565
7.202401	112.998873
7.227410	112.880182
7.252418	112.761491
7.277426	112.643882
7.302435	112.526597
7.327443	112.409312
7.352451	112.292028
7.377460	112.174743
7.402468	112.057458
7.427476	111.940173
7.452485	111.822888
7.477493	111.705603
7.502501	111.588319
7.527510	111.474142
7.552518	111.360877
7.577526	111.247612
7.602535	111.134347
7.627543	111.021082
7.652551	110.907817
7.677560	110.794552
7.702568	110.681287
7.727576	110.568022
7.752585	110.454757
7.777593	110.343526
7.802601	110.232880
7.827610	110.122235
7.852618	110.011590
7.877626	109.900944
7.902635	109.790299
7.927643	109.679654
7.952651	109.569009
7.977660	109.458363
8.002668	109.347718
8.027676	109.235976
8.052685	109.123924
8.077693	109.011872
8.102701	108.899820
8.127710	108.787768
8.152718	108.675716
8.177727	108.563664
8.202735	108.451612
8.227743	108.339560
8.252752	108.227508
8.277760	108.113567
8.302768	107.999101
8.327777	107.884636
8.352785	107.770171
8.377793	107.655706
8.402802	107.541241
8.427810	107.426776
8.452818	107.312311
8.477827	107.197846
8.502835	107.083380
8.527843	106.969387
8.552852	106.855522
8.577860	106.741657
8.602868	106.627792
8.627877	106.513927
8.652885	106.400062
8.677893	106.286197
8.702902	106.172332
8.727910	106.058467
8.752918	105.944602
8.777927	105.832964
8.802935	105.721918
8.827943	105.610873
8.852952	105.499828
8.877960	105.388782
8.902968	105.277737
8.927977	105.166691
8.952985	105.055646
8.977993	104.944601
9.003002	104.833555
9.028010	104.725058
9.053018	104.617226
9.078027	104.509394
9.103035	104.401562
9.128043	104.293730
9.153052	104.185898
9.178060	104.078066
9.203068	103.970234
9.228077	103.862402
9.253085	103.754570
9.278093	103.647061
9.303102	103.539636
9.328110	103.432210
9.353118	103.324785
9.378127	103.217359
9.403135	103.109933
9.428143	103.002508
9.453152	102.895082
9.478160	102.787657
9.503168	102.680231
9.528177	102.572806
9.553185	102.465380
9.578193	102.357954
9.603202	102.250529
9.628210	102.143103
9.653218	102.035678
9.678227	101.928252
9.703235	101.820826
9.728243	101.713401
9.753252	101.605975
9.778260	101.498871
9.803268	101.391845
9.828277	101.284820
9.853285	101.177794
9.878293	101.070769
9.903302	100.963743
9.928310	100.856718
9.953318	100.749692
9.978327	100.642667
10.003335	100.535641
10.028344	100.428293
10.053352	100.320867
10.078360	100.213442
10.103369	100.106016
10.128377	99.998591
10.153385	99.891165
10.178394	99.783740
10.203402	99.676314
10.228410	99.568888
10.253419	99.461463
10.278427	99.354037
10.303435	99.246612
10.328444	99.139186
10.353452	99.031760
10.378460	98.924335
10.403469	98.816909
10.428477	98.709484
10.453485	98.602058
10.478494	98.494633
10.503502	98.387207
10.528510	98.281413
10.553519	98.175994
10.578527	98.070575
10.603535	97.965156
10.628544	97.859737
10.653552	97.754319
10.678560	97.648900
10.703569	97.543481
10.728577	97.438062
10.753585	97.332643
10.778594	97.229858
10.803602	97.127665
10.828610	97.025473
10.853619	96.923280
10.878627	96.821087
10.903635	96.718895
10.928644	96.616702
10.953652	96.514509
10.978660	96.412316
11.003669	96.310124
11.028677	96.209248
11.053685	96.108662
11.078694	96.008076
11.103702	95.907490
11.128710	95.806904
11.153719	95.706318
11.178727	95.605732
11.203735	95.505146
11.228744	95.404560
11.253752	95.303974
11.278760	95.202394
11.303769	95.100602
11.328777	94.998809
11.353785	94.897016
11.378794	94.795224
11.403802	94.693431
11.428810	94.591638
11.453819	94.489846
11.478827	94.388053
11.503835	94.286260
11.528844	94.183801
11.553852	94.081202
11.578860	93.978603
11.603869	93.876003
11.628877	93.773404
11.653885	93.670805
11.678894	93.568206
11.703902	93.465607
11.728910	93.363007
11.753919	93.260408
11.778927	93.158473
11.803936	93.056674
11.828944	92.954875
11.853952	92.853076
11.878961	92.751276
11.903969	92.649477
11.928977	92.547678
11.953986	92.445879
11.978994	92.344080
12.004002	92.242281
12.029011	92.142498
12.054019	92.043118
12.079027	91.943739
12.104036	91.844359
12.129044	91.744980
12.154052	91.645600
12.179061	91.546221
12.204069	91.446841
12.229077	91.347462
12.254086	91.248082
12.279094	91.150387
12.304102	91.053020
12.329111	90.955654
12.354119	90.858288
12.379127	90.760921
12.404136	90.663555
12.429144	90.566189
12.454152	90.468822
12.479161	90.371456
12.504169	90.274090
12.529177	90.178414
12.554186	90.083061
12.579194	89.987708
12.604202	89.892355
12.629211	89.797001
12.654219	89.701648
12.679227	89.606295
12.704236	89.510942
12.729244	89.415589
12.754252	89.320235
12.779261	89.226237
12.804269	89.132490
12.829277	89.038744
12.854286	88.944997
12.879294	88.851251
12.904302	88.757504
12.929311	88.663757
12.954319	88.570011
12.979327	88.476264
13.004336	88.382518
13.029344	88.289449
13.054352	88.196502
13.079361	88.103556
13.104369	88.010609
13.129377	87.917663
13.154386	87.824716
13.179394	87.731770
13.204402	87.638823
13.229411	87.545877
13.254419	87.452930
13.279427	87.358964
13.304436	87.264818
13.329444	87.170671
13.354452	87.076524
13.379461	86.982378
13.404469	86.888231
13.429477	86.794085
13.454486	86.699938
13.479494	86.605791
13.504502	86.511645
13.529511	86.417151
13.554519	86.322598
13.579527	86.228045
13.604536	86.133492
13.629544	86.038939
13.654553	85.944386
13.679561	85.849833
13.704569	85.755280
13.729578	85.660727
13.754586	85.566173
13.779594	85.473002
13.804603	85.380062
13.829611	85.287122
13.854619	85.194182
13.879628	85.101242
13.904636	85.008302
13.929644	84.915362
13.954653	84.822422
13.979661	84.729482
14.004669	84.636542
14.029678	84.546021
14.054686	84.455894
14.079694	84.365767
14.104703	84.275640
14.129711	84.185514
14.154719	84.095387
14.179728	84.005260
14.204736	83.915133
14.229744	83.825007
14.254753	83.734880
14.279761	83.644753
14.304769	83.554626
14.329778	83.464499
14.354786	83.374373
14.379794	83.284246
14.404803	83.194119
14.429811	83.103992
14.454819	83.013866
14.479828	82.923739
14.504836	82.833612
14.529844	82.743485
14.554853	82.653359
14.579861	82.563232
14.604869	82.473105
14.629878	82.382978
14.654886	82.292852
14.679894	82.202725
14.704903	82.112598
14.729911	82.022471
14.754919	81.932344
14.779928	81.843273
14.804936	81.754359
14.829944	81.665445
14.854953	81.576532
14.879961	81.487618
14.904969	81.398704
14.929978	81.309790
14.954986	81.220877
14.979994	81.131963
15.005003	81.043049
15.030011	80.955358
15.055019	80.867845
15.080028	80.780331
15.105036	80.692817
15.130044	80.605304
15.155053	80.517790
15.180061	80.430277
15.205069	80.342763
15.230078	80.255250
15.255086	80.167736
15.280094	80.080754
15.305103	79.993847
15.330111	79.906940
15.355119	79.820033
15.380128	79.733126
15.405136	79.646219
15.430144	79.559312
15.455153	79.472405
15.480161	79.385498
15.505170	79.298591
15.530178	79.212921
15.555186	79.127421
15.580195	79.041920
15.605203	78.956420
15.630211	78.870920
15.655220	78.785419
15.680228	78.699919
15.705236	78.614418
15.730245	78.528918
15.755253	78.443418
15.780261	78.359701
15.805270	78.276220
15.830278	78.192739
15.855286	78.109258
15.880295	78.025777
15.905303	77.942297
15.930311	77.858816
15.955320	77.775335
15.980328	77.691854
16.005336	77.608373
16.030345	77.526311
16.055353	77.444430
16.080361	77.362550
16.105370	77.280669
16.130378	77.198788
16.155386	77.116908
16.180395	77.035027
16.205403	76.953147
16.230411	76.871266
16.255420	76.789385
16.280428	76.707327
16.305436	76.625246
16.330445	76.543165
16.355453	76.461085
16.380461	76.379004
16.405470	76.296923
16.430478	76.214843
16.455486	76.132762
16.480495	76.050681
16.505503	75.968601
16.530511	75.886526
16.555520	75.804452
16.580528	75.722377
16.605536	75.640303
16.630545	75.558229
16.655553	75.476155
16.680561	75.394081
16.705570	75.312006
16.730578	75.229932
16.755586	75.147858
16.780595	75.066322
16.805603	74.984848
16.830611	74.903374
16.855620	74.821899
16.880628	74.740425
16.905636	74.658951
16.930645	74.577477
16.955653	74.496003
16.980661	74.414529
17.005670	74.333055
17.030678	74.253026
17.055686	74.173159
17.080695	74.093291
17.105703	74.013424
17.130711	73.933556
17.155720	73.853689
17.180728	73.773821
17.205736	73.693954
17.230745	73.614086
17.255753	73.534219
17.280762	73.455080
17.305770	73.376019
17.330778	73.296958
17.355787	73.217897
17.380795	73.138836
17.405803	73.059775
17.430812	72.980714
17.455820	72.901653
17.480828	72.822592
17.505837	72.743531
17.530845	72.665564
17.555853	72.587710
17.580862	72.509855
17.605870	72.432001
17.630878	72.354147
17.655887	72.276292
17.680895	72.198438
17.705903	72.120583
17.730912	72.042729
17.755920	71.964875
17.780928	71.887566
17.805937	71.810312
17.830945	71.733058
17.855953	71.655804
17.880962	71.578549
17.905970	71.501295
17.930978	71.424041
17.955987	71.346786
17.980995	71.269532
18.006003	71.192278
18.031012	71.115212
18.056020	71.038164
18.081028	70.961116
18.106037	70.884069
18.131045	70.807021
18.156053	70.729973
18.181062	70.652925
18.206070	70.575877
18.231078	70.498830
18.256087	70.421782
18.281095	70.344545
18.306103	70.267291
18.331112	70.190036
18.356120	70.112782
18.381128	70.035528
18.406137	69.958273
18.431145	69.881019
18.456153	69.803765
18.481162	69.726511
18.506170	69.649256
18.531178	69.572750
18.556187	69.496309
18.581195	69.419867
18.606203	69.343426
18.631212	69.266985
18.656220	69.190543
18.681228	69.114102
18.706237	69.037661
18.731245	68.961220
18.756253	68.884778
18.781262	68.810559
18.806270	68.736524
18.831278	68.662490
18.856287	68.588455
18.881295	68.514421
18.906303	68.440386
18.931312	68.366351
18.956320	68.292317
18.981328	68.218282
19.006337	68.144248
19.031345	68.071708
19.056353	67.999286
19.081362	67.926865
19.106370	67.854443
19.131379	67.782022
19.156387	67.709601
19.181395	67.637179
19.206404	67.564758
19.231412	67.492336
19.256420	67.419915
19.281429	67.347307
19.306437	67.274686
19.331445	67.202064
19.356454	67.129443
19.381462	67.056821
19.406470	66.984200
19.431479	66.911578
19.456487	66.838957
19.481495	66.766335
19.506504	66.693714
19.531512	66.620713
19.556520	66.547685
19.581529	66.474657
19.606537	66.401629
19.631545	66.328601
19.656554	66.255573
19.681562	66.182545
19.706570	66.109517
19.731579	66.036489
19.756587	65.963461
19.781595	65.890627
19.806604	65.817805
19.831612	65.744984
19.856620	65.672162
19.881629	65.599341
19.906637	65.526519
19.931645	65.453698
19.956654	65.380876
19.981662	65.308055
20.006670	65.235233
20.031679	65.163540
20.056687	65.091918
20.081695	65.020297
20.106704	64.948676
20.131712	64.877054
20.156720	64.805433
20.181729	64.733812
20.206737	64.662190
20.231745	64.590569
20.256754	64.518948
20.281762	64.448848
20.306770	64.378839
20.331779	64.308831
20.356787	64.238823
20.381795	64.168814
20.406804	64.098806
20.431812	64.028798
20.456820	63.958790
20.481829	63.888781
20.506837	63.818773
20.531845	63.750670
20.556854	63.682675
20.581862	63.614680
20.606870	63.546685
20.631879	63.478690
20.656887	63.410695
20.681895	63.342700
20.706904	63.274704
20.731912	63.206709
20.756920	63.138714
20.781929	63.073011
20.806937	63.007429
20.831945	62.941847
20.856954	62.876265
20.881962	62.810683
20.906971	62.745101
20.931979	62.679519
20.956987	62.613938
20.981996	62.548356
21.007004	62.482774
21.032012	62.417573
21.057021	62.352391
21.082029	62.287209
21.107037	62.222027
21.132046	62.156846
21.157054	62.091664
21.182062	62.026482
21.207071	61.961300
21.232079	61.896118
21.257087	61.830936
21.282096	61.765372
21.307104	61.699790
21.332112	61.634208
21.357121	61.568626
21.382129	61.503044
21.407137	61.437462
21.432146	61.371880
21.457154	61.306298
21.482162	61.240716
21.507171	61.175134
21.532179	61.109168
21.557187	61.043186
21.582196	60.977204
21.607204	60.911222
21.632212	60.845240
21.657221	60.779258
21.682229	60.713276
21.707237	60.647294
21.732246	60.581312
21.757254	60.515330
21.782262	60.449926
21.807271	60.384544
21.832279	60.319163
21.857287	60.253781
21.882296	60.188399
21.907304	60.123017
21.932312	60.057635
21.957321	59.992253
21.982329	59.926871
22.007337	59.861489
22.032346	59.796494
22.057354	59.731512
22.082362	59.666530
22.107371	59.601548
22.132379	59.536566
22.157387	59.471585
22.182396	59.406603
22.207404	59.341621
22.232412	59.276639
22.257421	59.211657
22.282429	59.148046
22.307437	59.084477
22.332446	59.020908
22.357454	58.957339
22.382462	58.893770
22.407471	58.830202
22.432479	58.766633
22.457487	58.703064
22.482496	58.639495
22.507504	58.575927
22.532512	58.514706
22.557521	58.453551
22.582529	58.392395
22.607537	58.331239
22.632546	58.270084
22.657554	58.208928
22.682562	58.147772
22.707571	58.086617
22.732579	58.025461
22.757588	57.964306
22.782596	57.904719
22.807604	57.845170
22.832613	57.785621
22.857621	57.726072
22.882629	57.666523
22.907638	57.606974
22.932646	57.547425
22.957654	57.487876
22.982663	57.428327
23.007671	57.368778
23.032679	57.308445
23.057688	57.248096
23.082696	57.187747
23.107704	57.127398
23.132713	57.067049
23.157721	57.006700
23.182729	56.946351
23.207738	56.886002
23.232746	56.825653
23.257754	56.765304
23.282763	56.704155
23.307771	56.642993
23.332779	56.581831
23.357788	56.520669
23.382796	56.459507
23.407804	56.398345
23.432813	56.337183
23.457821	56.276021
23.482829	56.214859
23.507838	56.153697
23.532846	56.092942
23.557854	56.032193
23.582863	55.971444
23.607871	55.910695
23.632879	55.849946
23.657888	55.789197
23.682896	55.728448
23.707904	55.667698
23.732913	55.606949
23.757921	55.546200
23.782929	55.486639
23.807938	55.427090
23.832946	55.367541
23.857954	55.307992
23.882963	55.248443
23.907971	55.188894
23.932979	55.129345
23.957988	55.069796
23.982996	55.010247
24.008004	54.950698
24.033013	54.892348
24.058021	54.834005
24.083029	54.775663
24.108038	54.717321
24.133046	54.658978
24.158054	54.600636
24.183063	54.542294
24.208071	54.483951
24.233079	54.425609
24.258088	54.367266
24.283096	54.309130
24.308104	54.250994
24.333113	54.192858
24.358121	54.134722
24.383129	54.076586
24.408138	54.018450
24.433146	53.960314
24.458154	53.902179
24.483163	53.844043
24.508171	53.785907
24.533180	53.727364
24.558188	53.668822
24.583196	53.610280
24.608205	53.551737
24.633213	53.493195
24.658221	53.434652
24.683230	53.376110
24.708238	53.317568
24.733246	53.259025
24.758255	53.200486
24.783263	53.142950
24.808271	53.085414
24.833280	53.027879
24.858288	52.970343
24.883296	52.912807
24.908305	52.855271
24.933313	52.797735
24.958321	52.740199
24.983330	52.682664
25.008338	52.625136
25.033346	52.568806
25.058355	52.512477
25.083363	52.456148
25.108371	52.399819
25.133380	52.343490
25.158388	52.287160
25.183396	52.230831
25.208405	52.174502
25.233413	52.118173
25.258421	52.061849
25.283430	52.006127
25.308438	51.950404
25.333446	51.894681
25.358455	51.838958
25.383463	51.783236
25.408471	51.727513
25.433480	51.671790
25.458488	51.616068
25.483496	51.560345
25.508505	51.504643
25.533513	51.450527
25.558521	51.396411
25.583530	51.342295
25.608538	51.288179
25.633546	51.234063
25.658555	51.179947
25.683563	51.125831
25.708571	51.071715
25.733580	51.017599
25.758588	50.963506
25.783596	50.910796
25.808605	50.858087
25.833613	50.805378
25.858621	50.752668
25.883630	50.699959
25.908638	50.647249
25.933646	50.594540
25.958655	50.541830
25.983663	50.489121
26.008671	50.436427
26.033680	50.384525
26.058688	50.332622
26.083696	50.280719
26.108705	50.228816
26.133713	50.176913
26.158721	50.125010
26.183730	50.073107
26.208738	50.021204
26.233746	49.969301
26.258755	49.917375
26.283763	49.864466
26.308771	49.811556
26.333780	49.758647
26.358788	49.705737
26.383797	49.652828
26.408805	49.599918
26.433813	49.547009
26.458822	49.494099
26.483830	49.441190
26.508838	49.388254
26.533847	49.334338
26.558855	49.280422
26.583863	49.226506
26.608872	49.172590
26.633880	49.118674
26.658888	49.064758
26.683897	49.010841
26.708905	48.956925
26.733913	48.903009
26.758922	48.849124
26.783930	48.796221
26.808938	48.743318
26.833947	48.690414
26.858955	48.637511
26.883963	48.584608
26.908972	48.531705
26.933980	48.478802
26.958988	48.425899
26.983997	48.372996
27.009005	48.320146
27.034013	48.268844
27.059022	48.217541
27.084030	48.166238
27.109038	48.114935
27.134047	48.063632
27.159055	48.012329
27.184063	47.961027
27.209072	47.909724
27.234080	47.858421
27.259088	47.807148
27.284097	47.756651
27.309105	47.706155
27.334113	47.655659
27.359122	47.605162
27.384130	47.554666
27.409138	47.504170
27.434147	47.453674
27.459155	47.403177
27.484163	47.352681
27.509172	47.302209
27.534180	47.252319
27.559188	47.202429
27.584197	47.152540
27.609205	47.102650
27.634213	47.052760
27.659222	47.002870
27.684230	46.952981
27.709238	46.903091
27.734247	46.853201
27.759255	46.803372
27.784263	46.754889
27.809272	46.706406
27.834280	46.657923
27.859288	46.609439
27.884297	46.560956
27.909305	46.512473
27.934313	46.463990
27.959322	46.415507
27.984330	46.367024
28.009338	46.318541
28.034347	46.270057
28.059355	46.221574
28.084363	46.173091
28.109372	46.124608
28.134380	46.076125
28.159389	46.027642
28.184397	45.979159
28.209405	45.930675
28.234414	45.882192
28.259422	45.833659
28.284430	45.784176
28.309439	45.734693
28.334447	45.685210
28.359455	45.635726
28.384464	45.586243
28.409472	45.536760
28.434480	45.487277
28.459489	45.437793
28.484497	45.388310
28.509505	45.338848
28.534514	45.289758
28.559522	45.240668
28.584530	45.191579
28.609539	45.142489
28.634547	45.093399
28.659555	45.044310
28.684564	44.995220
28.709572	44.946130
28.734580	44.897041
28.759589	44.848042
28.784597	44.800566
28.809605	44.753089
28.834614	44.705612
28.859622	44.658136
28.884630	44.610659
28.909639	44.563183
28.934647	44.515706
28.959655	44.468230
28.984664	44.420753
29.009672	44.373373
29.034680	44.327503
29.059689	44.281633
29.084697	44.235763
29.109705	44.189893
29.134714	44.144023
29.159722	44.098153
29.184730	44.052283
29.209739	44.006413
29.234747	43.960543
29.259755	43.914712
29.284764	43.869448
29.309772	43.824185
29.334780	43.778921
29.359789	43.733658
29.384797	43.688395
29.409805	43.643131
29.434814	43.597868
29.459822	43.552604
29.484830	43.507341
29.509839	43.462105
29.534847	43.417248
29.559855	43.372391
29.584864	43.327534
29.609872	43.282677
29.634880	43.237820
29.659889	43.192963
29.684897	43.148106
29.709905	43.103249
29.734914	43.058392
29.759922	43.013521
29.784930	42.968458
29.809939	42.923394
29.834947	42.878331
29.859955	42.833267
29.884964	42.788204
29.909972	42.743141
29.934980	42.698077
29.959989	42.653014
29.984997	42.607951
30.010006	42.562828
30.035014	42.516958
30.060022	42.471088
30.085031	42.425218
30.110039	42.379348
30.135047	42.333479
30.160056	42.287609
30.185064	42.241739
30.210072	42.195869
30.235081	42.149999
30.260089	42.104268
30.285097	42.060211
30.310106	42.016154
30.335114	41.972097
30.360122	41.928040
30.385131	41.883983
30.410139	41.839927
30.435147	41.795870
30.460156	41.751813
30.485164	41.707756
30.510172	41.664117
30.535181	41.625293
30.560189	41.586469
30.585197	41.547645
30.610206	41.508821
30.635214	41.469998
30.660222	41.431174
30.685231	41.392350
30.710239	41.353526
30.735247	41.314702
30.760256	41.275827
30.785264	41.236390
30.810272	41.196953
30.835281	41.157516
30.860289	41.118079
30.885297	41.078642
30.910306	41.039205
30.935314	40.999768
30.960322	40.960332
30.985331	40.920895
31.010339	40.880797
31.035347	40.833727
31.060356	40.786657
31.085364	40.739587
31.110372	40.692517
31.135381	40.645447
31.160389	40.598377
31.185397	40.551307
31.210406	40.504237
31.235414	40.457167
31.260422	40.409934
31.285431	40.361051
31.310439	40.312167
31.335447	40.263284
31.360456	40.214401
31.385464	40.165518
31.410472	40.116635
31.435481	40.067751
31.460489	40.018868
31.485497	39.969985
31.510506	39.921701
31.535514	39.879251
31.560522	39.836801
31.585531	39.794351
31.610539	39.751901
31.635547	39.709450
31.660556	39.667000
31.685564	39.624550
31.710572	39.582100
31.735581	39.539650
31.760589	39.497472
31.785598	39.457841
31.810606	39.418211
31.835614	39.378580
31.860623	39.338950
31.885631	39.299319
31.910639	39.259689
31.935648	39.220058
31.960656	39.180428
31.985664	39.140797
32.010673	39.100885
32.035681	39.058435
32.060689	39.015985
32.085698	38.973535
32.110706	38.931085
32.135714	38.888634
32.160723	38.846184
32.185731	38.803734
32.210739	38.761284
32.235748	38.718834
32.260756	38.676426
32.285764	38.634382
32.310773	38.592338
32.335781	38.550295
32.360789	38.508251
32.385798	38.466207
32.410806	38.424164
32.435814	38.382120
32.460823	38.340076
32.485831	38.298032
32.510839	38.256546
32.535848	38.219735
32.560856	38.182925
32.585864	38.146114
32.610873	38.109303
32.635881	38.072492
32.660889	38.035681
32.685898	37.998871
32.710906	37.962060
32.735914	37.925249
32.760923	37.888526
32.785931	37.852515
32.810939	37.816505
32.835948	37.780494
32.860956	37.744483
32.885964	37.708473
32.910973	37.672462
32.935981	37.636451
32.960989	37.600440
32.985998	37.564430
33.011006	37.527872
33.036014	37.487029
33.061023	37.446185
33.086031	37.405342
33.111039	37.364498
33.136048	37.323654
33.161056	37.282811
33.186064	37.241967
33.211073	37.201124
33.236081	37.160280
33.261089	37.119344
33.286098	37.077700
33.311106	37.036056
33.336114	36.994413
33.361123	36.952769
33.386131	36.911125
33.411139	36.869482
33.436148	36.827838
33.461156	36.786195
33.486164	36.744551
33.511173	36.703534
33.536181	36.667124
33.561189	36.630713
33.586198	36.594302
33.611206	36.557891
33.636215	36.521481
33.661223	36.485070
33.686231	36.448659
33.711240	36.412248
33.736248	36.375838
33.761256	36.339600
33.786265	36.304596
33.811273	36.269592
33.836281	36.234588
33.861290	36.199584
33.886298	36.164580
33.911306	36.129575
33.936315	36.094571
33.961323	36.059567
33.986331	36.024563
34.011340	35.988999
34.036348	35.949568
34.061356	35.910138
34.086365	35.870708
34.111373	35.831277
34.136381	35.791847
34.161390	35.752416
34.186398	35.712986
34.211406	35.673555
34.236415	35.634125
34.261423	35.594564
34.286431	35.554127
34.311440	35.513690
34.336448	35.473253
34.361456	35.432815
34.386465	35.392378
34.411473	35.351941
34.436481	35.311504
34.461490	35.271067
34.486498	35.230630
34.511506	35.190864
34.536515	35.155459
34.561523	35.120055
34.586531	35.084651
34.611540	35.049247
34.636548	35.013843
34.661556	34.978439
34.686565	34.943034
34.711573	34.907630
34.736581	34.872226
34.761590	34.837068
34.786598	34.803471
34.811606	34.769873
34.836615	34.736276
34.861623	34.702678
34.886631	34.669081
34.911640	34.635483
34.936648	34.601886
34.961656	34.568288
34.986665	34.534691
35.011673	34.500643
35.036681	34.463826
35.061690	34.427009
35.086698	34.390191
35.111706	34.353374
35.136715	34.316557
35.161723	34.279740
35.186731	34.242922
35.211740	34.206105
35.236748	34.169288
35.261756	34.132500
35.286765	34.095889
35.311773	34.059279
35.336781	34.022668
35.361790	33.986057
35.386798	33.949446
35.411807	33.912835
35.436815	33.876225
35.461823	33.839614
35.486832	33.803003
35.511840	33.767099
35.536848	33.735315
35.561857	33.703531
35.586865	33.671746
35.611873	33.639962
35.636882	33.608178
35.661890	33.576393
35.686898	33.544609
35.711907	33.512824
35.736915	33.481040
35.761923	33.449375
35.786932	33.418391
35.811940	33.387407
35.836948	33.356423
35.861957	33.325438
35.886965	33.294454
35.911973	33.263470
35.936982	33.232485
35.961990	33.201501
35.986998	33.170517
36.012007	33.138887
36.037015	33.103689
36.062023	33.068492
36.087032	33.033294
36.112040	32.998096
36.137048	32.962898
36.162057	32.927701
36.187065	32.892503
36.212073	32.857305
36.237082	32.822108
36.262090	32.786720
36.287098	32.750309
36.312107	32.713899
36.337115	32.677488
36.362123	32.641077
36.387132	32.604666
36.412140	32.568256
36.437148	32.531845
36.462157	32.495434
36.487165	32.459023
36.512173	32.423286
36.537182	32.391089
36.562190	32.358891
36.587198	32.326694
36.612207	32.294497
36.637215	32.262299
36.662223	32.230102
36.687232	32.197905
36.712240	32.165707
36.737248	32.133510
36.762257	32.101446
36.787265	32.070068
36.812273	32.038691
36.837282	32.007313
36.862290	31.975935
36.887298	31.944557
36.912307	31.913179
36.937315	31.881801
36.962323	31.850423
36.987332	31.819045
37.012340	31.787130
37.037348	31.752526
37.062357	31.717922
37.087365	31.683318
37.112373	31.648714
37.137382	31.614110
37.162390	31.579506
37.187398	31.544902
37.212407	31.510297
37.237415	31.475693
37.262424	31.441056
37.287432	31.406259
37.312440	31.371461
37.337449	31.336663
37.362457	31.301866
37.387465	31.267068
37.412474	31.232270
37.437482	31.197473
37.462490	31.162675
37.487499	31.127878
37.512507	31.093844
37.537515	31.063460
37.562524	31.033076
37.587532	31.002692
37.612540	30.972307
37.637549	30.941923
37.662557	30.911539
37.687565	30.881155
37.712574	30.850770
37.737582	30.820386
37.762590	30.790252
37.787599	30.761288
37.812607	30.732323
37.837615	30.703358
37.862624	30.674394
37.887632	30.645429
37.912640	30.616464
37.937649	30.587500
37.962657	30.558535
37.987665	30.529570
38.012674	30.499953
38.037682	30.467362
38.062690	30.434771
38.087699	30.402180
38.112707	30.369589
38.137715	30.336998
38.162724	30.304408
38.187732	30.271817
38.212740	30.239226
38.237749	30.206635
38.262757	30.173970
38.287765	30.140979
38.312774	30.107988
38.337782	30.074997
38.362790	30.042006
38.387799	30.009016
38.412807	29.976025
38.437815	29.943034
38.462824	29.910043
38.487832	29.877052
38.512840	29.844735
38.537849	29.815357
38.562857	29.785979
38.587865	29.756602
38.612874	29.727224
38.637882	29.697846
38.662890	29.668469
38.687899	29.639091
38.712907	29.609713
38.737915	29.580336
38.762924	29.551189
38.787932	29.523031
38.812940	29.494873
38.837949	29.466715
38.862957	29.438557
38.887965	29.410399
38.912974	29.382240
38.937982	29.354082
38.962990	29.325924
38.987999	29.297766
39.013007	29.268985
39.038016	29.237600
39.063024	29.206216
39.088032	29.174831
39.113041	29.143447
39.138049	29.112063
39.163057	29.080678
39.188066	29.049294
39.213074	29.017910
39.238082	28.986525
39.263091	28.955062
39.288099	28.923278
39.313107	28.891494
39.338116	28.859709
39.363124	28.827925
39.388132	28.796140
39.413141	28.764356
39.438149	28.732572
39.463157	28.700787
39.488166	28.669003
39.513174	28.638063
39.538182	28.610505
39.563191	28.582947
39.588199	28.555389
39.613207	28.527831
39.638216	28.500273
39.663224	28.472715
39.688232	28.445156
39.713241	28.417598
39.738249	28.390040
39.763257	28.362807
39.788266	28.336849
39.813274	28.310892
39.838282	28.284934
39.863291	28.258976
39.888299	28.233018
39.913307	28.207060
39.938316	28.181102
39.963324	28.155144
39.988332	28.129186
40.013341	28.102649
40.038349	28.073884
40.063357	28.045119
40.088366	28.016355
40.113374	27.987590
40.138382	27.958825
40.163391	27.930061
40.188399	27.901296
40.213407	27.872531
40.238416	27.843766
40.263424	27.815002
40.288432	27.786237
40.313441	27.757472
40.338449	27.728708
40.363457	27.699943
40.388466	27.671178
40.413474	27.642414
40.438482	27.613649
40.463491	27.584884
40.488499	27.556120
40.513507	27.528083
40.538516	27.502731
40.563524	27.477380
40.588532	27.452029
40.613541	27.426677
40.638549	27.401326
40.663557	27.375974
40.688566	27.350623
40.713574	27.325272
40.738582	27.299920
40.763591	27.274569
40.788599	27.249217
40.813607	27.223866
40.838616	27.198515
40.863624	27.173163
40.888633	27.147812
40.913641	27.122461
40.938649	27.097109
40.963658	27.071758
40.988666	27.046406
41.013674	27.020171
41.038683	26.990800
41.063691	26.961429
41.088699	26.932058
41.113708	26.902686
41.138716	26.873315
41.163724	26.843944
41.188733	26.814573
41.213741	26.785202
41.238749	26.755830
41.263758	26.726281
41.288766	26.696109
41.313774	26.665938
41.338783	26.635767
41.363791	26.605595
41.388799	26.575424
41.413808	26.545253
41.438816	26.515081
41.463824	26.484910
41.488833	26.454739
41.513841	26.425386
41.538849	26.398828
41.563858	26.372270
41.588866	26.345712
41.613874	26.319154
41.638883	26.292596
41.663891	26.266038
41.688899	26.239480
41.713908	26.212922
41.738916	26.186364
41.763924	26.157866
41.788933	26.122869
41.813941	26.087871
41.838949	26.052873
41.863958	26.017876
41.888966	25.982878
41.913974	25.947880
41.938983	25.912883
41.963991	25.877885
41.988999	25.842887
42.014008	0.000000
42.039016	0.000000
42.064024	0.000000
