Patient Name: Water, Phantom
Patient ID: WP001
Plan: QA1-6MV
Course: C1
Date: 06 October 2020 11:40:28 AM
Exported by: alanphys

Start: (-14.63, 4.78, -0.28)
End:   (14.77, 4.78, -0.28)

	20x20-6MV
0.000000	5.373485
0.025013	5.409575
0.050027	5.445665
0.075040	5.481756
0.100053	5.517846
0.125066	5.553936
0.150080	5.590026
0.175093	5.626117
0.200106	5.662207
0.225120	5.698297
0.250133	5.734388
0.275146	5.770657
0.300160	5.806925
0.325173	5.843194
0.350186	5.879462
0.375199	5.915730
0.400213	5.951999
0.425226	5.988267
0.450239	6.024536
0.475253	6.060804
0.500266	6.097079
0.525279	6.133947
0.550293	6.170815
0.575306	6.207683
0.600319	6.244551
0.625332	6.281419
0.650346	6.318288
0.675359	6.355156
0.700372	6.392024
0.725386	6.428892
0.750399	6.465782
0.775412	6.504007
0.800426	6.542231
0.825439	6.580456
0.850452	6.618681
0.875465	6.656905
0.900479	6.695130
0.925492	6.733354
0.950505	6.771579
0.975519	6.809804
1.000532	6.848077
1.025545	6.888575
1.050559	6.929074
1.075572	6.969572
1.100585	7.010071
1.125598	7.050569
1.150612	7.091068
1.175625	7.131566
1.200638	7.172065
1.225652	7.212563
1.250665	7.253128
1.275678	7.296119
1.300691	7.339111
1.325705	7.382102
1.350718	7.425094
1.375731	7.468086
1.400745	7.511077
1.425758	7.554069
1.450771	7.597060
1.475785	7.640052
1.500798	7.683123
1.525811	7.728622
1.550824	7.774121
1.575838	7.819620
1.600851	7.865120
1.625864	7.910619
1.650878	7.956118
1.675891	8.001617
1.700904	8.047116
1.725918	8.092615
1.750931	8.138236
1.775944	8.187010
1.800957	8.235784
1.825971	8.284557
1.850984	8.333331
1.875997	8.382105
1.901011	8.430879
1.926024	8.479653
1.951037	8.528427
1.976051	8.577200
2.001064	18.626164
2.026077	8.679387
2.051090	8.732610
2.076104	8.785833
2.101117	8.839056
2.126130	8.892279
2.151144	8.945502
2.176157	8.998725
2.201170	9.051948
2.226184	9.105171
2.251197	9.158778
2.276210	9.220022
2.301223	9.281266
2.326237	9.342510
2.351250	9.403754
2.376263	9.464999
2.401277	9.526243
2.426290	9.587487
2.451303	9.648731
2.476316	9.709976
2.501330	9.771848
2.526343	9.844916
2.551356	9.917984
2.576370	9.991052
2.601383	10.064119
2.626396	10.137187
2.651410	10.210255
2.676423	10.283323
2.701436	10.356390
2.726449	10.429458
2.751463	10.503711
2.776476	10.597039
2.801489	10.690367
2.826503	10.783696
2.851516	10.877024
2.876529	10.970352
2.901543	11.063681
2.926556	11.157009
2.951569	11.250337
2.976582	11.343666
3.001596	11.439340
3.026609	11.569439
3.051622	11.699538
3.076636	11.829637
3.101649	11.959735
3.126662	12.089834
3.151676	12.219933
3.176689	12.350032
3.201702	12.480131
3.226715	12.610230
3.251729	12.745473
3.276742	12.950008
3.301755	13.154544
3.326769	13.359079
3.351782	13.563615
3.376795	13.768150
3.401809	13.972686
3.426822	14.177221
3.451835	14.381757
3.476848	14.586292
3.501862	14.805393
3.526875	15.205630
3.551888	15.605867
3.576902	16.006104
3.601915	16.406341
3.626928	16.806579
3.651941	17.206816
3.676955	17.607053
3.701968	18.007290
3.726981	18.407527
3.751995	18.872573
3.777008	20.085521
3.802021	21.298470
3.827035	22.511418
3.852048	23.724366
3.877061	24.937314
3.902074	26.150262
3.927088	27.363210
3.952101	28.576158
3.977114	29.789106
4.002128	31.454386
4.027141	37.985058
4.052154	44.515731
4.077168	51.046403
4.102181	57.577076
4.127194	64.107749
4.152207	70.638421
4.177221	77.169094
4.202234	83.699766
4.227247	90.230439
4.252261	96.338946
4.277274	98.198484
4.302287	100.058021
4.327301	101.917559
4.352314	103.777097
4.377327	105.636635
4.402340	107.496172
4.427354	109.355710
4.452367	111.215248
4.477380	113.074786
4.502394	114.805684
4.527407	115.320939
4.552420	115.836194
4.577434	116.351450
4.602447	116.866705
4.627460	117.381960
4.652473	117.897215
4.677487	118.412470
4.702500	118.927726
4.727513	119.442981
4.752527	119.929266
4.777540	120.157716
4.802553	120.386166
4.827566	120.614617
4.852580	120.843067
4.877593	121.071517
4.902606	121.299967
4.927620	121.528418
4.952633	121.756868
4.977646	121.985318
5.002660	122.203594
5.027673	122.336356
5.052686	122.469118
5.077699	122.601880
5.102713	122.734642
5.127726	122.867403
5.152739	123.000165
5.177753	123.132927
5.202766	123.265689
5.227779	123.398451
5.252793	123.526226
5.277806	123.614325
5.302819	123.702423
5.327832	123.790521
5.352846	123.878620
5.377859	123.966718
5.402872	124.054816
5.427886	124.142915
5.452899	124.231013
5.477912	124.319111
5.502926	124.404345
5.527939	124.467953
5.552952	124.531561
5.577965	124.595169
5.602979	124.658777
5.627992	124.722385
5.653005	124.785993
5.678019	124.849601
5.703032	124.913209
5.728045	124.976817
5.753059	125.038957
5.778072	125.090560
5.803085	125.142164
5.828098	125.193767
5.853112	125.245370
5.878125	125.296973
5.903138	125.348577
5.928152	125.400180
5.953165	125.451783
5.978178	125.503386
6.003191	125.554162
6.028205	125.599275
6.053218	125.644389
6.078231	125.689502
6.103245	125.734616
6.128258	125.779730
6.153271	125.824843
6.178285	125.869957
6.203298	125.915070
6.228311	125.960184
6.253324	126.004251
6.278338	126.041492
6.303351	126.078733
6.328364	126.115974
6.353378	126.153215
6.378391	126.190456
6.403404	126.227697
6.428418	126.264938
6.453431	126.302179
6.478444	126.339420
6.503457	126.375425
6.528471	126.403720
6.553484	126.432016
6.578497	126.460311
6.603511	126.488606
6.628524	126.516902
6.653537	126.545197
6.678551	126.573493
6.703564	126.601788
6.728577	126.630084
6.753590	126.657623
6.778604	126.680649
6.803617	126.703674
6.828630	126.726700
6.853644	126.749726
6.878657	126.772751
6.903670	126.795777
6.928684	126.818803
6.953697	126.841829
6.978710	126.864854
7.003723	126.887372
7.028737	126.906983
7.053750	126.926595
7.078763	126.946207
7.103777	126.965818
7.128790	126.985430
7.153803	127.005042
7.178816	127.024653
7.203830	127.044265
7.228843	127.063877
7.253856	127.083080
7.278870	127.100046
7.303883	127.117011
7.328896	127.133976
7.353910	127.150942
7.378923	127.167907
7.403936	127.184873
7.428949	127.201838
7.453963	127.218803
7.478976	127.235769
7.503989	127.252363
7.529003	127.267005
7.554016	127.281646
7.579029	127.296287
7.604043	127.310928
7.629056	127.325569
7.654069	127.340210
7.679082	127.354851
7.704096	127.369493
7.729109	127.384134
7.754122	127.398300
7.779136	127.410062
7.804149	127.421824
7.829162	127.433586
7.854176	127.445348
7.879189	127.457110
7.904202	127.468872
7.929215	127.480633
7.954229	127.492395
7.979242	127.504157
8.004255	127.515750
8.029269	127.526519
8.054282	127.537287
8.079295	127.548056
8.104309	127.558825
8.129322	127.569593
8.154335	127.580362
8.179348	127.591131
8.204362	127.601899
8.229375	127.612668
8.254388	127.623530
8.279402	127.634832
8.304415	127.646134
8.329428	127.657435
8.354441	127.668737
8.379455	127.680039
8.404468	127.691340
8.429481	127.702642
8.454495	127.713944
8.479508	127.725246
8.504521	127.736696
8.529535	127.748821
8.554548	127.760946
8.579561	127.773071
8.604574	127.785195
8.629588	127.797320
8.654601	127.809445
8.679614	127.821570
8.704628	127.833695
8.729641	127.845820
8.754654	127.857775
8.779668	127.868986
8.804681	127.880198
8.829694	127.891410
8.854707	127.902621
8.879721	127.913833
8.904734	127.925045
8.929747	127.936257
8.954761	127.947468
8.979774	127.958680
9.004787	127.968560
9.029801	127.972812
9.054814	127.977064
9.079827	127.981316
9.104840	127.985568
9.129854	127.989821
9.154867	127.994073
9.179880	127.998325
9.204894	128.002577
9.229907	128.006829
9.254920	128.009696
9.279934	128.006907
9.304947	128.004117
9.329960	128.001327
9.354973	127.998537
9.379987	127.995747
9.405000	127.992958
9.430013	127.990168
9.455027	127.987378
9.480040	127.984588
9.505053	127.981266
9.530066	127.975840
9.555080	127.970414
9.580093	127.964988
9.605106	127.959561
9.630120	127.954135
9.655133	127.948709
9.680146	127.943283
9.705160	127.937857
9.730173	127.932431
9.755186	127.926480
9.780199	127.918526
9.805213	127.910572
9.830226	127.902618
9.855239	127.894663
9.880253	127.886709
9.905266	127.878755
9.930279	127.870801
9.955293	127.862847
9.980306	127.854892
10.005319	127.846635
10.030332	127.837257
10.055346	127.827878
10.080359	127.818499
10.105372	127.809121
10.130386	127.799742
10.155399	127.790363
10.180412	127.780985
10.205426	127.771606
10.230439	127.762227
10.255452	127.752394
10.280465	127.740928
10.305479	127.729462
10.330492	127.717996
10.355505	127.706530
10.380519	127.695064
10.405532	127.683598
10.430545	127.672132
10.455559	127.660667
10.480572	127.649201
10.505585	127.638047
10.530598	127.627977
10.555612	127.617908
10.580625	127.607839
10.605638	127.597770
10.630652	127.587700
10.655665	127.577631
10.680678	127.567562
10.705691	127.557493
10.730705	127.547423
10.755718	127.538358
10.780731	127.532679
10.805745	127.527000
10.830758	127.521321
10.855771	127.515642
10.880785	127.509963
10.905798	127.504284
10.930811	127.498605
10.955824	127.492927
10.980838	127.487248
11.005851	127.481866
11.030864	127.477458
11.055878	127.473051
11.080891	127.468643
11.105904	127.464235
11.130918	127.459827
11.155931	127.455419
11.180944	127.451012
11.205957	127.446604
11.230971	127.442196
11.255984	127.437644
11.280997	127.432633
11.306011	127.427622
11.331024	127.422611
11.356037	127.417600
11.381051	127.412589
11.406064	127.407578
11.431077	127.402567
11.456090	127.397556
11.481104	127.392545
11.506117	127.387326
11.531130	127.381466
11.556144	127.375606
11.581157	127.369745
11.606170	127.363885
11.631184	127.358025
11.656197	127.352165
11.681210	127.346305
11.706223	127.340445
11.731237	127.334584
11.756250	127.328456
11.781263	127.321524
11.806277	127.314591
11.831290	127.307658
11.856303	127.300726
11.881316	127.293793
11.906330	127.286861
11.931343	127.279928
11.956356	127.272995
11.981370	127.266063
12.006383	127.258995
12.031396	127.251533
12.056410	127.244071
12.081423	127.236609
12.106436	127.229147
12.131449	127.221685
12.156463	127.214223
12.181476	127.206761
12.206489	127.199299
12.231503	127.191837
12.256516	127.184230
12.281529	127.176215
12.306543	127.168200
12.331556	127.160184
12.356569	127.152169
12.381582	127.144154
12.406596	127.136138
12.431609	127.128123
12.456622	127.120107
12.481636	127.112092
12.506649	127.103841
12.531662	127.094940
12.556676	127.086038
12.581689	127.077137
12.606702	127.068236
12.631715	127.059334
12.656729	127.050433
12.681742	127.041531
12.706755	127.032630
12.731769	127.023728
12.756782	127.014727
12.781795	127.005457
12.806809	126.996186
12.831822	126.986916
12.856835	126.977646
12.881848	126.968375
12.906862	126.959105
12.931875	126.949835
12.956888	126.940565
12.981902	126.931294
13.006915	126.921999
13.031928	126.912637
13.056941	126.903276
13.081955	126.893914
13.106968	126.884552
13.131981	126.875191
13.156995	126.865829
13.182008	126.856468
13.207021	126.847106
13.232035	126.837745
13.257048	126.828053
13.282061	126.817518
13.307074	126.806984
13.332088	126.796449
13.357101	126.785915
13.382114	126.775381
13.407128	126.764846
13.432141	126.754312
13.457154	126.743778
13.482168	126.733243
13.507181	126.722683
13.532194	126.712060
13.557207	126.701437
13.582221	126.690813
13.607234	126.680190
13.632247	126.669566
13.657261	126.658943
13.682274	126.648320
13.707287	126.637696
13.732301	126.627073
13.757314	126.617004
13.782327	126.608275
13.807340	126.599546
13.832354	126.590817
13.857367	126.582089
13.882380	126.573360
13.907394	126.564631
13.932407	126.555902
13.957420	126.547174
13.982434	126.538445
14.007447	126.530519
14.032460	126.524487
14.057473	126.518455
14.082487	126.512423
14.107500	126.506391
14.132513	126.500358
14.157527	126.494326
14.182540	126.488294
14.207553	126.482262
14.232566	126.476230
14.257580	126.470741
14.282593	126.466503
14.307606	126.462264
14.332620	126.458026
14.357633	126.453787
14.382646	126.449549
14.407660	126.445310
14.432673	126.441072
14.457686	126.436833
14.482699	126.432595
14.507713	126.429586
14.532726	126.429337
14.557739	126.429088
14.582753	126.428838
14.607766	126.428589
14.632779	126.428340
14.657793	126.428091
14.682806	126.427841
14.707819	126.427592
14.732832	126.427343
14.757846	126.428558
14.782859	126.432978
14.807872	126.437398
14.832886	126.441818
14.857899	126.446237
14.882912	126.450657
14.907926	126.455077
14.932939	126.459497
14.957952	126.463917
14.982965	126.468336
15.007979	126.473147
15.032992	126.478792
15.058005	126.484437
15.083019	126.490082
15.108032	126.495726
15.133045	126.501371
15.158059	126.507016
15.183072	126.512661
15.208085	126.518306
15.233098	126.523951
15.258112	126.530597
15.283125	126.539329
15.308138	126.548061
15.333152	126.556793
15.358165	126.565524
15.383178	126.574256
15.408191	126.582988
15.433205	126.591720
15.458218	126.600452
15.483231	126.609184
15.508245	126.618601
15.533258	126.629411
15.558271	126.640222
15.583285	126.651032
15.608298	126.661843
15.633311	126.672653
15.658324	126.683464
15.683338	126.694274
15.708351	126.705085
15.733364	126.715895
15.758378	126.726490
15.783391	126.736655
15.808404	126.746820
15.833418	126.756984
15.858431	126.767149
15.883444	126.777314
15.908457	126.787479
15.933471	126.797644
15.958484	126.807809
15.983497	126.817974
16.008511	126.827901
16.033524	126.837367
16.058537	126.846832
16.083551	126.856298
16.108564	126.865764
16.133577	126.875229
16.158590	126.884695
16.183604	126.894160
16.208617	126.903626
16.233630	126.913091
16.258644	126.922424
16.283657	126.931505
16.308670	126.940586
16.333684	126.949667
16.358697	126.958748
16.383710	126.967829
16.408723	126.976910
16.433737	126.985991
16.458750	126.995072
16.483763	127.004153
16.508777	127.013082
16.533790	127.021732
16.558803	127.030381
16.583816	127.039031
16.608830	127.047680
16.633843	127.056330
16.658856	127.064979
16.683870	127.073629
16.708883	127.082278
16.733896	127.090928
16.758910	127.099310
16.783923	127.107209
16.808936	127.115108
16.833949	127.123007
16.858963	127.130905
16.883976	127.138804
16.908989	127.146703
16.934003	127.154602
16.959016	127.162501
16.984029	127.170400
17.009043	127.178112
17.034056	127.185494
17.059069	127.192876
17.084082	127.200258
17.109096	127.207640
17.134109	127.215022
17.159122	127.222404
17.184136	127.229786
17.209149	127.237168
17.234162	127.244550
17.259176	127.251724
17.284189	127.258540
17.309202	127.265356
17.334215	127.272171
17.359229	127.278987
17.384242	127.285803
17.409255	127.292618
17.434269	127.299434
17.459282	127.306250
17.484295	127.313065
17.509309	127.319525
17.534322	127.325386
17.559335	127.331246
17.584348	127.337106
17.609362	127.342966
17.634375	127.348826
17.659388	127.354686
17.684402	127.360547
17.709415	127.366407
17.734428	127.372267
17.759441	127.377825
17.784455	127.382885
17.809468	127.387945
17.834481	127.393005
17.859495	127.398065
17.884508	127.403125
17.909521	127.408185
17.934535	127.413245
17.959548	127.418305
17.984561	127.423365
18.009574	127.428087
18.034588	127.432265
18.059601	127.436442
18.084614	127.440620
18.109628	127.444798
18.134641	127.448975
18.159654	127.453153
18.184668	127.457330
18.209681	127.461508
18.234694	127.465685
18.259707	127.470489
18.284721	127.476282
18.309734	127.482074
18.334747	127.487866
18.359761	127.493658
18.384774	127.499450
18.409787	127.505243
18.434801	127.511035
18.459814	127.516827
18.484827	127.522619
18.509840	127.529811
18.534854	127.539160
18.559867	127.548509
18.584880	127.557858
18.609894	127.567207
18.634907	127.576556
18.659920	127.585905
18.684934	127.595254
18.709947	127.604603
18.734960	127.613952
18.759973	127.624113
18.784987	127.635497
18.810000	127.646881
18.835013	127.658265
18.860027	127.669649
18.885040	127.681033
18.910053	127.692417
18.935066	127.703801
18.960080	127.715185
18.985093	127.726569
19.010106	127.737070
19.035120	127.746269
19.060133	127.755468
19.085146	127.764668
19.110160	127.773867
19.135173	127.783066
19.160186	127.792266
19.185199	127.801465
19.210213	127.810664
19.235226	127.819864
19.260239	127.828590
19.285253	127.836633
19.310266	127.844676
19.335279	127.852719
19.360293	127.860762
19.385306	127.868806
19.410319	127.876849
19.435332	127.884892
19.460346	127.892935
19.485359	127.900978
19.510372	127.908231
19.535386	127.914369
19.560399	127.920506
19.585412	127.926643
19.610426	127.932781
19.635439	127.938918
19.660452	127.945055
19.685465	127.951193
19.710479	127.957330
19.735492	127.963467
19.760505	127.968240
19.785519	127.971127
19.810532	127.974014
19.835545	127.976902
19.860559	127.979789
19.885572	127.982677
19.910585	127.985564
19.935598	127.988451
19.960612	127.991339
19.985625	127.994226
20.010638	127.994064
20.035652	127.989783
20.060665	127.985501
20.085678	127.981219
20.110691	127.976937
20.135705	127.972655
20.160718	127.968374
20.185731	127.964092
20.210745	127.959810
20.235758	127.955528
20.260771	127.948354
20.285785	127.937355
20.310798	127.926356
20.335811	127.915357
20.360824	127.904358
20.385838	127.893358
20.410851	127.882359
20.435864	127.871360
20.460878	127.860361
20.485891	127.849362
20.510904	127.837712
20.535918	127.825220
20.560931	127.812728
20.585944	127.800235
20.610957	127.787743
20.635971	127.775250
20.660984	127.762758
20.685997	127.750266
20.711011	127.737773
20.736024	127.725281
20.761037	127.713355
20.786051	127.702145
20.811064	127.690936
20.836077	127.679726
20.861090	127.668517
20.886104	127.657307
20.911117	127.646098
20.936130	127.634888
20.961144	127.623679
20.986157	127.612469
21.011170	127.601459
21.036184	127.590695
21.061197	127.579932
21.086210	127.569168
21.111223	127.558404
21.136237	127.547641
21.161250	127.536877
21.186263	127.526113
21.211277	127.515350
21.236290	127.504586
21.261303	127.493404
21.286316	127.481713
21.311330	127.470023
21.336343	127.458333
21.361356	127.446642
21.386370	127.434952
21.411383	127.423262
21.436396	127.411572
21.461410	127.399881
21.486423	127.388191
21.511436	127.375322
21.536449	127.361054
21.561463	127.346785
21.586476	127.332517
21.611489	127.318249
21.636503	127.303981
21.661516	127.289712
21.686529	127.275444
21.711543	127.261176
21.736556	127.246907
21.761569	127.231344
21.786582	127.214276
21.811596	127.197208
21.836609	127.180140
21.861622	127.163072
21.886636	127.146004
21.911649	127.128937
21.936662	127.111869
21.961676	127.094801
21.986689	127.077733
22.011702	127.059351
22.036715	127.039474
22.061729	127.019597
22.086742	126.999720
22.111755	126.979843
22.136769	126.959966
22.161782	126.940089
22.186795	126.920212
22.211809	126.900335
22.236822	126.880458
22.261835	126.858846
22.286848	126.835303
22.311862	126.811760
22.336875	126.788217
22.361888	126.764674
22.386902	126.741130
22.411915	126.717587
22.436928	126.694044
22.461941	126.670501
22.486955	126.646958
22.511968	126.620820
22.536981	126.591853
22.561995	126.562887
22.587008	126.533920
22.612021	126.504954
22.637035	126.475987
22.662048	126.447021
22.687061	126.418054
22.712074	126.389088
22.737088	126.360121
22.762101	126.326822
22.787114	126.288899
22.812128	126.250976
22.837141	126.213053
22.862154	126.175130
22.887168	126.137207
22.912181	126.099284
22.937194	126.061361
22.962207	126.023438
22.987221	125.985515
23.012234	125.943895
23.037247	125.898413
23.062261	125.852931
23.087274	125.807449
23.112287	125.761967
23.137301	125.716485
23.162314	125.671003
23.187327	125.625521
23.212340	125.580039
23.237354	125.534557
23.262367	125.486255
23.287380	125.435068
23.312394	125.383882
23.337407	125.332696
23.362420	125.281510
23.387434	125.230323
23.412447	125.179137
23.437460	125.127951
23.462473	125.076765
23.487487	125.025579
23.512500	124.968251
23.537513	124.904776
23.562527	124.841300
23.587540	124.777825
23.612553	124.714350
23.637566	124.650874
23.662580	124.587399
23.687593	124.523924
23.712606	124.460448
23.737620	124.396973
23.762633	124.320455
23.787646	124.231155
23.812660	124.141856
23.837673	124.052556
23.862686	123.963256
23.887699	123.873956
23.912713	123.784657
23.937726	123.695357
23.962739	123.606057
23.987753	123.516758
24.012766	123.403853
24.037779	123.268304
24.062793	123.132754
24.087806	122.997204
24.112819	122.861654
24.137832	122.726105
24.162846	122.590555
24.187859	122.455005
24.212872	122.319455
24.237886	122.183906
24.262899	121.998095
24.287912	121.765080
24.312926	121.532064
24.337939	121.299049
24.362952	121.066034
24.387965	120.833019
24.412979	120.600004
24.437992	120.366988
24.463005	120.133973
24.488019	119.900958
24.513032	119.520120
24.538045	119.003374
24.563059	118.486628
24.588072	117.969882
24.613085	117.453137
24.638098	116.936391
24.663112	116.419645
24.688125	115.902900
24.713138	115.386154
24.738152	114.869408
24.763165	113.644578
24.788178	111.782471
24.813191	109.920365
24.838205	108.058258
24.863218	106.196152
24.888231	104.334045
24.913245	102.471938
24.938258	100.609832
24.963271	98.747725
24.988285	96.885618
25.013298	92.533555
25.038311	85.987840
25.063324	79.442125
25.088338	72.896410
25.113351	66.350695
25.138364	59.804980
25.163378	53.259265
25.188391	46.713550
25.213404	40.167834
25.238418	33.622119
25.263431	29.952353
25.288444	28.762737
25.313457	27.573121
25.338471	26.383505
25.363484	25.193889
25.388497	24.004273
25.413511	22.814657
25.438524	21.625041
25.463537	20.435425
25.488551	19.245809
25.513564	18.483630
25.538577	18.082257
25.563590	17.680885
25.588604	17.279512
25.613617	16.878140
25.638630	16.476767
25.663644	16.075395
25.688657	15.674022
25.713670	15.272650
25.738684	14.871277
25.763697	14.577983
25.788710	14.373983
25.813723	14.169984
25.838737	13.965984
25.863750	13.761985
25.888763	13.557985
25.913777	13.353985
25.938790	13.149986
25.963803	12.945986
25.988816	12.741987
26.013830	12.579712
26.038843	12.451179
26.063856	12.322646
26.088870	12.194113
26.113883	12.065580
26.138896	11.937047
26.163910	11.808514
26.188923	11.679980
26.213936	11.551447
26.238949	11.422914
26.263963	11.314836
26.288976	11.222948
26.313989	11.131060
26.339003	11.039171
26.364016	10.947283
26.389029	10.855394
26.414043	10.763506
26.439056	10.671617
26.464069	10.579729
26.489082	10.487840
26.514096	10.406977
26.539109	10.334652
26.564122	10.262328
26.589136	10.190004
26.614149	10.117680
26.639162	10.045355
26.664176	9.973031
26.689189	9.900707
26.714202	9.828383
26.739215	9.756059
26.764229	9.689978
26.789242	9.628629
26.814255	9.567281
26.839269	9.505932
26.864282	9.444584
26.889295	9.383235
26.914309	9.321887
26.939322	9.260538
26.964335	9.199190
26.989348	9.137841
27.014362	9.080840
27.039375	9.027063
27.064388	8.973286
27.089402	8.919509
27.114415	8.865732
27.139428	8.811954
27.164441	8.758177
27.189455	8.704400
27.214468	8.650623
27.239481	8.596846
27.264495	8.546018
27.289508	8.497330
27.314521	8.448642
27.339535	8.399954
27.364548	8.351266
27.389561	8.302578
27.414574	8.253890
27.439588	8.205202
27.464601	8.156514
27.489614	8.107826
27.514628	8.061127
27.539641	8.015841
27.564654	7.970554
27.589668	7.925268
27.614681	7.879981
27.639694	7.834695
27.664707	7.789409
27.689721	7.744122
27.714734	7.698836
27.739747	7.653549
27.764761	7.609987
27.789774	7.567621
27.814787	7.525255
27.839801	7.482889
27.864814	7.440524
27.889827	7.398158
27.914840	7.355792
27.939854	7.313426
27.964867	7.271061
27.989880	7.228695
28.014894	7.187707
28.039907	7.147655
28.064920	7.107603
28.089934	7.067551
28.114947	7.027499
28.139960	6.987448
28.164973	6.947396
28.189987	6.907344
28.215000	6.867292
28.240013	6.827240
28.265027	6.788373
28.290040	6.750293
28.315053	6.712213
28.340066	6.674133
28.365080	6.636053
28.390093	6.597974
28.415106	6.559894
28.440120	6.521814
28.465133	6.483734
28.490146	6.445654
28.515160	6.408361
28.540173	6.371578
28.565186	6.334795
28.590199	6.298013
28.615213	6.261230
28.640226	6.224448
28.665239	6.187665
28.690253	6.150882
28.715266	6.114100
28.740279	6.077317
28.765293	6.041019
28.790306	6.005029
28.815319	5.969040
28.840332	5.933050
28.865346	5.897060
28.890359	5.861070
28.915372	5.825080
28.940386	5.789090
28.965399	5.753100
28.990412	5.717110
29.015426	5.681462
29.040439	5.646025
29.065452	5.610589
29.090465	5.575153
29.115479	5.539716
29.140492	5.504280
29.165505	5.468843
29.190519	5.433407
29.215532	5.397971
29.240545	5.362534
29.265559	5.322858
29.290572	5.280605
29.315585	5.238352
29.340598	5.196100
29.365612	5.153847
29.390625	5.111594
