Delivery System	U09	
Energy	10 MV	
Scan Type	Crossline	
Depth	5.00	
Field	21cm x 16cm (Jaws)	
Wedge	Open Field	
Comments	26x26 cr	

	5.00 cm : ScanId=407	
-16.0589329	3.06	
-16.0489329	3.05	
-16.0389329	3.05	
-16.0289329	3.05	
-16.0189329	3.06	
-16.0089329	3.06	
-15.9989329	3.06	
-15.9889329	3.06	
-15.9789329	3.06	
-15.9689329	3.06	
-15.9589329	3.06	
-15.9489329	3.11	
-15.9389329	3.07	
-15.9289329	3.08	
-15.9189329	3.09	
-15.9089329	3.10	
-15.8989329	3.11	
-15.8889329	3.12	
-15.8789329	3.13	
-15.8689329	3.14	
-15.8589329	3.15	
-15.8489329	3.16	
-15.8389329	3.16	
-15.8289329	3.18	
-15.8189329	3.19	
-15.8089329	3.20	
-15.7989329	3.21	
-15.7889329	3.21	
-15.7789329	3.22	
-15.7689329	3.23	
-15.7589329	3.24	
-15.7489329	3.24	
-15.7389329	3.25	
-15.7289329	3.25	
-15.7189329	3.26	
-15.7089329	3.27	
-15.6989329	3.27	
-15.6889329	3.28	
-15.6789329	3.29	
-15.6689329	3.29	
-15.6589329	3.30	
-15.6489329	3.30	
-15.6389329	3.31	
-15.6289329	3.31	
-15.6189329	3.33	
-15.6089329	3.33	
-15.5989329	3.33	
-15.5889329	3.34	
-15.5789329	3.35	
-15.5689329	3.36	
-15.5589329	3.37	
-15.5489329	3.37	
-15.5389329	3.38	
-15.5289329	3.39	
-15.5189329	3.40	
-15.5089329	3.41	
-15.4989329	3.41	
-15.4889329	3.42	
-15.4789329	3.43	
-15.4689329	3.44	
-15.4589329	3.45	
-15.4489329	3.45	
-15.4389329	3.46	
-15.4289329	3.47	
-15.4189329	3.48	
-15.4089329	3.49	
-15.3989329	3.51	
-15.3889329	3.51	
-15.3789329	3.52	
-15.3689329	3.53	
-15.3589329	3.54	
-15.3489329	3.55	
-15.3389329	3.56	
-15.3289329	3.57	
-15.3189329	3.58	
-15.3089329	3.59	
-15.2989329	3.60	
-15.2889329	3.59	
-15.2789329	3.62	
-15.2689329	3.62	
-15.2589329	3.63	
-15.2489329	3.64	
-15.2389329	3.64	
-15.2289329	3.65	
-15.2189329	3.66	
-15.2089329	3.66	
-15.1989329	3.67	
-15.1889329	3.68	
-15.1789329	3.73	
-15.1689329	3.70	
-15.1589329	3.71	
-15.1489329	3.73	
-15.1389329	3.74	
-15.1289329	3.76	
-15.1189329	3.77	
-15.1089329	3.79	
-15.0989329	3.80	
-15.0889329	3.81	
-15.0789329	3.83	
-15.0689329	3.79	
-15.0589329	3.85	
-15.0489329	3.85	
-15.0389329	3.86	
-15.0289329	3.87	
-15.0189329	3.87	
-15.0089329	3.88	
-14.9989329	3.88	
-14.9889329	3.89	
-14.9789329	3.89	
-14.9689329	3.90	
-14.9589329	3.92	
-14.9489329	3.91	
-14.9389329	3.92	
-14.9289329	3.93	
-14.9189329	3.94	
-14.9089329	3.95	
-14.8989329	3.96	
-14.8889329	3.97	
-14.8789329	3.98	
-14.8689329	3.99	
-14.8589329	3.99	
-14.8489329	4.05	
-14.8389329	4.02	
-14.8289329	4.04	
-14.8189329	4.06	
-14.8089329	4.07	
-14.7989329	4.09	
-14.7889329	4.11	
-14.7789329	4.13	
-14.7689329	4.14	
-14.7589329	4.16	
-14.7489329	4.18	
-14.7389329	4.15	
-14.7289329	4.21	
-14.7189329	4.22	
-14.7089329	4.22	
-14.6989329	4.23	
-14.6889329	4.24	
-14.6789329	4.25	
-14.6689329	4.26	
-14.6589329	4.27	
-14.6489329	4.28	
-14.6389329	4.29	
-14.6289329	4.30	
-14.6189329	4.31	
-14.6089329	4.31	
-14.5989329	4.32	
-14.5889329	4.33	
-14.5789329	4.34	
-14.5689329	4.35	
-14.5589329	4.36	
-14.5489329	4.37	
-14.5389329	4.38	
-14.5289329	4.38	
-14.5189329	4.45	
-14.5089329	4.41	
-14.4989329	4.43	
-14.4889329	4.45	
-14.4789329	4.47	
-14.4689329	4.48	
-14.4589329	4.50	
-14.4489329	4.52	
-14.4389329	4.54	
-14.4289329	4.56	
-14.4189329	4.58	
-14.4089329	4.57	
-14.3989329	4.61	
-14.3889329	4.62	
-14.3789329	4.64	
-14.3689329	4.65	
-14.3589329	4.66	
-14.3489329	4.68	
-14.3389329	4.69	
-14.3289329	4.71	
-14.3189329	4.72	
-14.3089329	4.73	
-14.2989329	4.76	
-14.2889329	4.76	
-14.2789329	4.78	
-14.2689329	4.79	
-14.2589329	4.81	
-14.2489329	4.82	
-14.2389329	4.84	
-14.2289329	4.86	
-14.2189329	4.87	
-14.2089329	4.89	
-14.1989329	4.90	
-14.1889329	4.92	
-14.1789329	4.93	
-14.1689329	4.95	
-14.1589329	4.96	
-14.1489329	4.98	
-14.1389329	4.99	
-14.1289329	5.01	
-14.1189329	5.02	
-14.1089329	5.04	
-14.0989329	5.06	
-14.0889329	5.07	
-14.0789329	5.09	
-14.0689329	5.10	
-14.0589329	5.12	
-14.0489329	5.13	
-14.0389329	5.15	
-14.0289329	5.16	
-14.0189329	5.18	
-14.0089329	5.20	
-13.9989329	5.21	
-13.9889329	5.23	
-13.9789329	5.24	
-13.9689329	5.26	
-13.9589329	5.29	
-13.9489329	5.33	
-13.9389329	5.36	
-13.9289329	5.40	
-13.9189329	5.43	
-13.9089329	5.47	
-13.8989329	5.50	
-13.8889329	5.54	
-13.8789329	5.57	
-13.8689329	5.60	
-13.8589329	5.64	
-13.8489329	5.64	
-13.8389329	5.64	
-13.8289329	5.65	
-13.8189329	5.65	
-13.8089329	5.65	
-13.7989329	5.66	
-13.7889329	5.66	
-13.7789329	5.66	
-13.7689329	5.67	
-13.7589329	5.67	
-13.7489329	5.77	
-13.7389329	5.70	
-13.7289329	5.72	
-13.7189329	5.74	
-13.7089329	5.76	
-13.6989329	5.78	
-13.6889329	5.80	
-13.6789329	5.82	
-13.6689329	5.84	
-13.6589329	5.86	
-13.6489329	5.88	
-13.6389329	5.90	
-13.6289329	5.92	
-13.6189329	5.94	
-13.6089329	5.96	
-13.5989329	5.98	
-13.5889329	6.00	
-13.5789329	6.02	
-13.5689329	6.04	
-13.5589329	6.06	
-13.5489329	6.08	
-13.5389329	6.11	
-13.5289329	6.13	
-13.5189329	6.15	
-13.5089329	6.18	
-13.4989329	6.21	
-13.4889329	6.24	
-13.4789329	6.27	
-13.4689329	6.29	
-13.4589329	6.32	
-13.4489329	6.35	
-13.4389329	6.38	
-13.4289329	6.41	
-13.4189329	6.43	
-13.4089329	6.46	
-13.3989329	6.48	
-13.3889329	6.51	
-13.3789329	6.53	
-13.3689329	6.55	
-13.3589329	6.58	
-13.3489329	6.60	
-13.3389329	6.63	
-13.3289329	6.65	
-13.3189329	6.67	
-13.3089329	6.70	
-13.2989329	6.73	
-13.2889329	6.76	
-13.2789329	6.79	
-13.2689329	6.82	
-13.2589329	6.85	
-13.2489329	6.88	
-13.2389329	6.90	
-13.2289329000001	6.93	
-13.2189329000001	6.96	
-13.2089329000001	6.99	
-13.1989329000001	7.02	
-13.1889329000001	7.05	
-13.1789329000001	7.08	
-13.1689329000001	7.10	
-13.1589329000001	7.13	
-13.1489329000001	7.16	
-13.1389329000001	7.18	
-13.1289329000001	7.21	
-13.1189329000001	7.24	
-13.1089329000001	7.27	
-13.0989329000001	7.29	
-13.0889329000001	7.32	
-13.0789329000001	7.35	
-13.0689329000001	7.37	
-13.0589329000001	7.40	
-13.0489329000001	7.43	
-13.0389329000001	7.45	
-13.0289329000001	7.48	
-13.0189329000001	7.51	
-13.0089329000001	7.54	
-12.9989329000001	7.56	
-12.9889329000001	7.59	
-12.9789329000001	7.62	
-12.9689329000001	7.66	
-12.9589329000001	7.70	
-12.9489329000001	7.74	
-12.9389329000001	7.78	
-12.9289329000001	7.82	
-12.9189329000001	7.86	
-12.9089329000001	7.90	
-12.8989329000001	7.93	
-12.8889329000001	7.97	
-12.8789329000001	8.01	
-12.8689329000001	8.05	
-12.8589329000001	8.08	
-12.8489329000001	8.12	
-12.8389329000001	8.15	
-12.8289329000001	8.18	
-12.8189329000001	8.21	
-12.8089329000001	8.24	
-12.7989329000001	8.27	
-12.7889329000001	8.30	
-12.7789329000001	8.33	
-12.7689329000001	8.37	
-12.7589329000001	8.40	
-12.7489329000001	8.44	
-12.7389329000001	8.48	
-12.7289329000001	8.52	
-12.7189329000001	8.55	
-12.7089329000001	8.59	
-12.6989329000001	8.63	
-12.6889329000001	8.67	
-12.6789329000001	8.71	
-12.6689329000001	8.75	
-12.6589329000001	8.79	
-12.6489329000001	8.83	
-12.6389329000001	8.89	
-12.6289329000001	8.94	
-12.6189329000001	8.99	
-12.6089329000001	9.05	
-12.5989329000001	9.10	
-12.5889329000001	9.16	
-12.5789329000001	9.21	
-12.5689329000001	9.26	
-12.5589329000001	9.32	
-12.5489329000001	9.37	
-12.5389329000001	9.42	
-12.5289329000001	9.47	
-12.5189329000001	9.51	
-12.5089329000001	9.56	
-12.4989329000001	9.60	
-12.4889329000001	9.65	
-12.4789329000001	9.69	
-12.4689329000001	9.74	
-12.4589329000001	9.78	
-12.4489329000001	9.83	
-12.4389329000001	9.87	
-12.4289329000001	9.92	
-12.4189329000001	9.98	
-12.4089329000001	10.05	
-12.3989329000001	10.11	
-12.3889329000001	10.18	
-12.3789329000001	10.24	
-12.3689329000001	10.31	
-12.3589329000001	10.37	
-12.3489329000001	10.44	
-12.3389329000001	10.50	
-12.3289329000001	10.57	
-12.3189329000001	10.64	
-12.3089329000001	10.70	
-12.2989329000001	10.76	
-12.2889329000001	10.83	
-12.2789329000001	10.89	
-12.2689329000001	10.95	
-12.2589329000001	11.02	
-12.2489329000001	11.08	
-12.2389329000001	11.14	
-12.2289329000001	11.21	
-12.2189329000001	11.27	
-12.2089329000001	11.34	
-12.1989329000001	11.42	
-12.1889329000001	11.51	
-12.1789329000001	11.59	
-12.1689329000001	11.67	
-12.1589329000001	11.76	
-12.1489329000001	11.84	
-12.1389329000001	11.93	
-12.1289329000001	12.01	
-12.1189329000001	12.09	
-12.1089329000001	12.18	
-12.0989329000001	12.26	
-12.0889329000001	12.37	
-12.0789329000001	12.48	
-12.0689329000001	12.59	
-12.0589329000001	12.70	
-12.0489329000001	12.81	
-12.0389329000001	12.92	
-12.0289329000001	13.03	
-12.0189329000001	13.13	
-12.0089329000001	13.24	
-11.9989329000001	13.35	
-11.9889329000001	13.46	
-11.9789329000001	13.58	
-11.9689329000001	13.71	
-11.9589329000001	13.83	
-11.9489329000001	13.95	
-11.9389329000001	14.07	
-11.9289329000001	14.19	
-11.9189329000001	14.31	
-11.9089329000001	14.44	
-11.8989329000001	14.56	
-11.8889329000001	14.68	
-11.8789329000001	14.81	
-11.8689329000001	14.97	
-11.8589329000001	15.13	
-11.8489329000001	15.29	
-11.8389329000001	15.46	
-11.8289329000001	15.62	
-11.8189329000001	15.78	
-11.8089329000001	15.94	
-11.7989329000001	16.11	
-11.7889329000001	16.27	
-11.7789329000001	16.43	
-11.7689329000001	16.60	
-11.7589329000001	16.85	
-11.7489329000001	17.09	
-11.7389329000001	17.33	
-11.7289329000001	17.58	
-11.7189329000001	17.82	
-11.7089329000001	18.06	
-11.6989329000001	18.31	
-11.6889329000001	18.55	
-11.6789329000001	18.79	
-11.6689329000001	19.03	
-11.6589329000001	19.29	
-11.6489329000001	19.62	
-11.6389329000001	19.96	
-11.6289329000001	20.29	
-11.6189329000001	20.63	
-11.6089329000001	20.97	
-11.5989329000001	21.30	
-11.5889329000001	21.64	
-11.5789329000001	21.97	
-11.5689329000001	22.31	
-11.5589329000001	22.65	
-11.5489329000001	23.02	
-11.5389329000001	23.54	
-11.5289329000001	24.06	
-11.5189329000001	24.58	
-11.5089329000001	25.11	
-11.4989329000001	25.63	
-11.4889329000001	26.15	
-11.4789329000001	26.67	
-11.4689329000001	27.19	
-11.4589329000001	27.71	
-11.4489329000001	28.23	
-11.4389329000001	28.81	
-11.4289329000001	29.58	
-11.4189329000001	30.35	
-11.4089329000001	31.13	
-11.3989329000001	31.90	
-11.3889329000001	32.68	
-11.3789329000001	33.45	
-11.3689329000001	34.22	
-11.3589329000001	35.00	
-11.3489329000001	35.77	
-11.3389329000001	36.54	
-11.3289329000001	37.37	
-11.3189329000001	38.41	
-11.3089329000001	39.45	
-11.2989329000001	40.49	
-11.2889329000001	41.53	
-11.2789329000001	42.57	
-11.2689329000001	43.61	
-11.2589329000001	44.65	
-11.2489329000001	45.69	
-11.2389329000001	46.73	
-11.2289329000001	47.77	
-11.2189329000001	48.85	
-11.2089329000001	50.10	
-11.1989329000001	51.36	
-11.1889329000001	52.61	
-11.1789329000001	53.86	
-11.1689329000001	55.12	
-11.1589329000001	56.37	
-11.1489329000001	57.62	
-11.1389329000001	58.88	
-11.1289329000001	60.13	
-11.1189329000001	61.39	
-11.1089329000001	62.65	
-11.0989329000001	64.02	
-11.0889329000001	65.39	
-11.0789329000001	66.76	
-11.0689329000001	68.13	
-11.0589329000001	69.49	
-11.0489329000001	70.86	
-11.0389329000001	72.23	
-11.0289329000001	73.60	
-11.0189329000001	74.97	
-11.0089329000001	76.34	
-10.9989329000001	77.70	
-10.9889329000001	79.01	
-10.9789329000001	80.32	
-10.9689329000001	81.63	
-10.9589329000001	82.95	
-10.9489329000001	84.26	
-10.9389329000001	85.57	
-10.9289329000001	86.88	
-10.9189329000001	88.19	
-10.9089329000001	89.50	
-10.8989329000001	90.81	
-10.8889329000001	92.11	
-10.8789329000001	93.29	
-10.8689329000001	94.47	
-10.8589329000001	95.66	
-10.8489329000001	96.84	
-10.8389329000001	98.02	
-10.8289329000001	99.20	
-10.8189329000001	100.38	
-10.8089329000001	101.56	
-10.7989329000001	102.74	
-10.7889329000001	103.92	
-10.7789329000001	105.08	
-10.7689329000001	106.02	
-10.7589329000001	106.96	
-10.7489329000001	107.90	
-10.7389329000001	108.84	
-10.7289329000001	109.77	
-10.7189329000001	110.71	
-10.7089329000001	111.65	
-10.6989329000001	112.59	
-10.6889329000001	113.53	
-10.6789329000001	114.47	
-10.6689329000001	115.35	
-10.6589329000001	116.02	
-10.6489329000001	116.68	
-10.6389329000001	117.34	
-10.6289329000001	118.00	
-10.6189329000001	118.67	
-10.6089329000001	119.33	
-10.5989329000001	119.99	
-10.5889329000001	120.65	
-10.5789329000001	121.32	
-10.5689329000001	121.98	
-10.5589329000001	122.59	
-10.5489329000001	123.00	
-10.5389329000001	123.40	
-10.5289329000001	123.81	
-10.5189329000001	124.22	
-10.5089329000001	124.62	
-10.4989329000001	125.03	
-10.4889329000001	125.44	
-10.4789329000001	125.84	
-10.4689329000001	126.25	
-10.4589329000001	126.66	
-10.4489329000001	127.04	
-10.4389329000001	127.32	
-10.4289329000001	127.59	
-10.4189329000001	127.87	
-10.4089329000001	128.15	
-10.3989329000001	128.42	
-10.3889329000001	128.70	
-10.3789329000001	128.98	
-10.3689329000001	129.26	
-10.3589329000001	129.53	
-10.3489329000001	129.81	
-10.3389329000001	130.07	
-10.3289329000001	130.28	
-10.3189329000001	130.48	
-10.3089329000001	130.68	
-10.2989329000001	130.89	
-10.2889329000001	131.09	
-10.2789329000001	131.29	
-10.2689329000001	131.50	
-10.2589329000001	131.70	
-10.2489329000001	131.90	
-10.2389329000001	132.11	
-10.2289329000001	132.30	
-10.2189329000001	132.43	
-10.2089329000001	132.57	
-10.1989329000001	132.71	
-10.1889329000001	132.85	
-10.1789329000001	132.98	
-10.1689329000001	133.12	
-10.1589329000001	133.26	
-10.1489329000001	133.40	
-10.1389329000001	133.53	
-10.1289329000001	133.67	
-10.1189329000001	133.80	
-10.1089329000001	133.91	
-10.0989329000001	134.01	
-10.0889329000001	134.11	
-10.0789329000001	134.22	
-10.0689329000001	134.32	
-10.0589329000001	134.43	
-10.0489329000001	134.53	
-10.0389329000001	134.63	
-10.0289329000001	134.74	
-10.0189329000001	134.84	
-10.0089329000001	134.94	
-9.99893290000012	135.02	
-9.98893290000012	135.11	
-9.97893290000012	135.19	
-9.96893290000012	135.27	
-9.95893290000012	135.36	
-9.94893290000012	135.44	
-9.93893290000012	135.52	
-9.92893290000012	135.61	
-9.91893290000012	135.69	
-9.90893290000012	135.77	
-9.89893290000012	135.85	
-9.88893290000012	135.91	
-9.87893290000012	135.97	
-9.86893290000012	136.03	
-9.85893290000012	136.09	
-9.84893290000012	136.15	
-9.83893290000012	136.21	
-9.82893290000012	136.27	
-9.81893290000012	136.33	
-9.80893290000012	136.39	
-9.79893290000012	136.45	
-9.78893290000012	136.51	
-9.77893290000012	136.57	
-9.76893290000012	136.63	
-9.75893290000012	136.68	
-9.74893290000012	136.74	
-9.73893290000012	136.79	
-9.72893290000012	136.85	
-9.71893290000012	136.90	
-9.70893290000013	136.96	
-9.69893290000013	137.01	
-9.68893290000013	137.07	
-9.67893290000013	137.12	
-9.66893290000013	137.14	
-9.65893290000013	137.16	
-9.64893290000013	137.17	
-9.63893290000013	137.19	
-9.62893290000013	137.21	
-9.61893290000013	137.23	
-9.60893290000013	137.25	
-9.59893290000013	137.27	
-9.58893290000013	137.28	
-9.57893290000013	137.30	
-9.56893290000013	137.32	
-9.55893290000013	137.36	
-9.54893290000013	137.40	
-9.53893290000013	137.44	
-9.52893290000013	137.48	
-9.51893290000013	137.52	
-9.50893290000013	137.56	
-9.49893290000013	137.59	
-9.48893290000013	137.63	
-9.47893290000013	137.67	
-9.46893290000013	137.71	
-9.45893290000013	137.75	
-9.44893290000013	137.78	
-9.43893290000013	137.81	
-9.42893290000013	137.85	
-9.41893290000013	137.88	
-9.40893290000013	137.91	
-9.39893290000013	137.94	
-9.38893290000013	137.98	
-9.37893290000013	138.01	
-9.36893290000013	138.04	
-9.35893290000013	138.08	
-9.34893290000013	138.11	
-9.33893290000013	138.14	
-9.32893290000013	138.18	
-9.31893290000013	138.21	
-9.30893290000013	138.25	
-9.29893290000013	138.28	
-9.28893290000013	138.32	
-9.27893290000013	138.35	
-9.26893290000013	138.39	
-9.25893290000013	138.42	
-9.24893290000013	138.46	
-9.23893290000014	138.49	
-9.22893290000014	138.50	
-9.21893290000014	138.51	
-9.20893290000014	138.52	
-9.19893290000014	138.52	
-9.18893290000014	138.53	
-9.17893290000014	138.54	
-9.16893290000014	138.55	
-9.15893290000014	138.56	
-9.14893290000014	138.57	
-9.13893290000014	138.58	
-9.12893290000014	138.59	
-9.11893290000014	138.61	
-9.10893290000014	138.63	
-9.09893290000014	138.64	
-9.08893290000014	138.66	
-9.07893290000014	138.68	
-9.06893290000014	138.69	
-9.05893290000014	138.71	
-9.04893290000014	138.73	
-9.03893290000014	138.75	
-9.02893290000014	138.76	
-9.01893290000014	138.79	
-9.00893290000014	138.83	
-8.99893290000014	138.87	
-8.98893290000014	138.91	
-8.97893290000014	138.95	
-8.96893290000014	138.99	
-8.95893290000014	139.03	
-8.94893290000014	139.07	
-8.93893290000014	139.11	
-8.92893290000014	139.15	
-8.91893290000014	139.19	
-8.90893290000014	139.22	
-8.89893290000014	139.23	
-8.88893290000014	139.24	
-8.87893290000014	139.25	
-8.86893290000014	139.26	
-8.85893290000014	139.27	
-8.84893290000014	139.28	
-8.83893290000014	139.29	
-8.82893290000014	139.30	
-8.81893290000014	139.31	
-8.80893290000014	139.32	
-8.79893290000014	139.33	
-8.78893290000014	139.34	
-8.77893290000014	139.35	
-8.76893290000015	139.36	
-8.75893290000015	139.36	
-8.74893290000015	139.37	
-8.73893290000015	139.38	
-8.72893290000015	139.39	
-8.71893290000015	139.40	
-8.70893290000015	139.41	
-8.69893290000015	139.41	
-8.68893290000015	139.43	
-8.67893290000015	139.45	
-8.66893290000015	139.48	
-8.65893290000015	139.50	
-8.64893290000015	139.53	
-8.63893290000015	139.55	
-8.62893290000015	139.58	
-8.61893290000015	139.60	
-8.60893290000015	139.63	
-8.59893290000015	139.65	
-8.58893290000015	139.68	
-8.57893290000015	139.69	
-8.56893290000015	139.69	
-8.55893290000015	139.69	
-8.54893290000015	139.69	
-8.53893290000015	139.69	
-8.52893290000015	139.69	
-8.51893290000015	139.69	
-8.50893290000015	139.69	
-8.49893290000015	139.69	
-8.48893290000015	139.69	
-8.47893290000015	139.69	
-8.46893290000015	139.69	
-8.45893290000015	139.69	
-8.44893290000015	139.69	
-8.43893290000015	139.69	
-8.42893290000015	139.70	
-8.41893290000015	139.70	
-8.40893290000015	139.70	
-8.39893290000015	139.70	
-8.38893290000015	139.70	
-8.37893290000015	139.70	
-8.36893290000015	139.70	
-8.35893290000015	139.71	
-8.34893290000015	139.72	
-8.33893290000015	139.74	
-8.32893290000015	139.76	
-8.31893290000015	139.77	
-8.30893290000015	139.79	
-8.29893290000016	139.80	
-8.28893290000016	139.82	
-8.27893290000016	139.84	
-8.26893290000016	139.85	
-8.25893290000016	139.87	
-8.24893290000016	139.89	
-8.23893290000016	139.91	
-8.22893290000016	139.94	
-8.21893290000016	139.97	
-8.20893290000016	139.99	
-8.19893290000016	140.02	
-8.18893290000016	140.05	
-8.17893290000016	140.08	
-8.16893290000016	140.10	
-8.15893290000016	140.13	
-8.14893290000016	140.16	
-8.13893290000016	140.17	
-8.12893290000016	140.17	
-8.11893290000016	140.17	
-8.10893290000016	140.17	
-8.09893290000016	140.17	
-8.08893290000016	140.17	
-8.07893290000016	140.17	
-8.06893290000016	140.16	
-8.05893290000016	140.16	
-8.04893290000016	140.16	
-8.03893290000016	140.16	
-8.02893290000016	140.16	
-8.01893290000016	140.15	
-8.00893290000016	140.14	
-7.99893290000016	140.13	
-7.98893290000016	140.12	
-7.97893290000016	140.11	
-7.96893290000016	140.10	
-7.95893290000016	140.09	
-7.94893290000016	140.09	
-7.93893290000016	140.08	
-7.92893290000016	140.07	
-7.91893290000016	140.07	
-7.90893290000016	140.11	
-7.89893290000016	140.15	
-7.88893290000016	140.18	
-7.87893290000016	140.22	
-7.86893290000016	140.26	
-7.85893290000016	140.30	
-7.84893290000016	140.33	
-7.83893290000016	140.37	
-7.82893290000017	140.41	
-7.81893290000017	140.44	
-7.80893290000017	140.47	
-7.79893290000017	140.48	
-7.78893290000017	140.48	
-7.77893290000017	140.48	
-7.76893290000017	140.49	
-7.75893290000017	140.49	
-7.74893290000017	140.49	
-7.73893290000017	140.50	
-7.72893290000017	140.50	
-7.71893290000017	140.50	
-7.70893290000017	140.51	
-7.69893290000017	140.51	
-7.68893290000017	140.52	
-7.67893290000017	140.53	
-7.66893290000017	140.54	
-7.65893290000017	140.54	
-7.64893290000017	140.55	
-7.63893290000017	140.56	
-7.62893290000017	140.57	
-7.61893290000017	140.58	
-7.60893290000017	140.59	
-7.59893290000017	140.59	
-7.58893290000017	140.60	
-7.57893290000017	140.61	
-7.56893290000017	140.61	
-7.55893290000017	140.62	
-7.54893290000017	140.62	
-7.53893290000017	140.63	
-7.52893290000017	140.64	
-7.51893290000017	140.64	
-7.50893290000017	140.65	
-7.49893290000017	140.65	
-7.48893290000017	140.66	
-7.47893290000017	140.66	
-7.46893290000017	140.68	
-7.45893290000017	140.69	
-7.44893290000017	140.70	
-7.43893290000017	140.71	
-7.42893290000017	140.72	
-7.41893290000017	140.73	
-7.40893290000017	140.74	
-7.39893290000017	140.76	
-7.38893290000017	140.77	
-7.37893290000017	140.78	
-7.36893290000017	140.79	
-7.35893290000018	140.79	
-7.34893290000018	140.79	
-7.33893290000018	140.79	
-7.32893290000018	140.79	
-7.31893290000018	140.79	
-7.30893290000018	140.79	
-7.29893290000018	140.79	
-7.28893290000018	140.79	
-7.27893290000018	140.79	
-7.26893290000018	140.79	
-7.25893290000018	140.79	
-7.24893290000018	140.81	
-7.23893290000018	140.84	
-7.22893290000018	140.86	
-7.21893290000018	140.88	
-7.20893290000018	140.90	
-7.19893290000018	140.92	
-7.18893290000018	140.94	
-7.17893290000018	140.96	
-7.16893290000018	140.98	
-7.15893290000018	141.00	
-7.14893290000018	141.02	
-7.13893290000018	141.04	
-7.12893290000018	141.05	
-7.11893290000018	141.06	
-7.10893290000018	141.08	
-7.09893290000018	141.09	
-7.08893290000018	141.10	
-7.07893290000018	141.12	
-7.06893290000018	141.13	
-7.05893290000018	141.15	
-7.04893290000018	141.16	
-7.03893290000018	141.17	
-7.02893290000018	141.16	
-7.01893290000018	141.16	
-7.00893290000018	141.16	
-6.99893290000018	141.16	
-6.98893290000018	141.15	
-6.97893290000018	141.15	
-6.96893290000018	141.15	
-6.95893290000018	141.15	
-6.94893290000018	141.14	
-6.93893290000018	141.14	
-6.92893290000018	141.14	
-6.91893290000018	141.16	
-6.90893290000018	141.18	
-6.89893290000018	141.20	
-6.88893290000019	141.22	
-6.87893290000019	141.23	
-6.86893290000019	141.25	
-6.85893290000019	141.27	
-6.84893290000019	141.29	
-6.83893290000019	141.30	
-6.82893290000019	141.32	
-6.81893290000019	141.33	
-6.80893290000019	141.32	
-6.79893290000019	141.31	
-6.78893290000019	141.30	
-6.77893290000019	141.28	
-6.76893290000019	141.27	
-6.75893290000019	141.26	
-6.74893290000019	141.25	
-6.73893290000019	141.24	
-6.72893290000019	141.23	
-6.71893290000019	141.22	
-6.70893290000019	141.22	
-6.69893290000019	141.26	
-6.68893290000019	141.31	
-6.67893290000019	141.35	
-6.66893290000019	141.39	
-6.65893290000019	141.44	
-6.64893290000019	141.48	
-6.63893290000019	141.52	
-6.62893290000019	141.57	
-6.61893290000019	141.61	
-6.60893290000019	141.65	
-6.59893290000019	141.68	
-6.58893290000019	141.65	
-6.57893290000019	141.63	
-6.56893290000019	141.60	
-6.55893290000019	141.58	
-6.54893290000019	141.56	
-6.53893290000019	141.53	
-6.52893290000019	141.51	
-6.51893290000019	141.48	
-6.50893290000019	141.46	
-6.49893290000019	141.43	
-6.48893290000019	141.42	
-6.47893290000019	141.43	
-6.46893290000019	141.44	
-6.45893290000019	141.45	
-6.44893290000019	141.46	
-6.43893290000019	141.47	
-6.42893290000019	141.48	
-6.4189329000002	141.49	
-6.4089329000002	141.50	
-6.3989329000002	141.51	
-6.3889329000002	141.52	
-6.3789329000002	141.53	
-6.3689329000002	141.54	
-6.3589329000002	141.56	
-6.3489329000002	141.57	
-6.3389329000002	141.58	
-6.3289329000002	141.59	
-6.3189329000002	141.60	
-6.3089329000002	141.62	
-6.2989329000002	141.63	
-6.2889329000002	141.64	
-6.2789329000002	141.65	
-6.2689329000002	141.66	
-6.2589329000002	141.65	
-6.2489329000002	141.64	
-6.2389329000002	141.64	
-6.2289329000002	141.63	
-6.2189329000002	141.62	
-6.2089329000002	141.62	
-6.1989329000002	141.61	
-6.1889329000002	141.60	
-6.1789329000002	141.59	
-6.1689329000002	141.59	
-6.1589329000002	141.59	
-6.1489329000002	141.63	
-6.1389329000002	141.67	
-6.1289329000002	141.70	
-6.1189329000002	141.74	
-6.1089329000002	141.78	
-6.0989329000002	141.81	
-6.0889329000002	141.85	
-6.0789329000002	141.89	
-6.0689329000002	141.92	
-6.0589329000002	141.96	
-6.0489329000002	141.98	
-6.0389329000002	141.98	
-6.0289329000002	141.98	
-6.0189329000002	141.98	
-6.0089329000002	141.98	
-5.9989329000002	141.98	
-5.9889329000002	141.98	
-5.9789329000002	141.98	
-5.9689329000002	141.98	
-5.9589329000002	141.98	
-5.94893290000021	141.98	
-5.93893290000021	141.97	
-5.92893290000021	141.96	
-5.91893290000021	141.94	
-5.90893290000021	141.93	
-5.89893290000021	141.91	
-5.88893290000021	141.90	
-5.87893290000021	141.88	
-5.86893290000021	141.87	
-5.85893290000021	141.85	
-5.84893290000021	141.83	
-5.83893290000021	141.82	
-5.82893290000021	141.81	
-5.81893290000021	141.83	
-5.80893290000021	141.85	
-5.79893290000021	141.87	
-5.78893290000021	141.88	
-5.77893290000021	141.90	
-5.76893290000021	141.92	
-5.75893290000021	141.94	
-5.74893290000021	141.95	
-5.73893290000021	141.97	
-5.72893290000021	141.99	
-5.71893290000021	142.01	
-5.70893290000021	142.02	
-5.69893290000021	142.03	
-5.68893290000021	142.05	
-5.67893290000021	142.06	
-5.66893290000021	142.07	
-5.65893290000021	142.09	
-5.64893290000021	142.10	
-5.63893290000021	142.11	
-5.62893290000021	142.13	
-5.61893290000021	142.14	
-5.60893290000021	142.16	
-5.59893290000021	142.17	
-5.58893290000021	142.18	
-5.57893290000021	142.19	
-5.56893290000021	142.20	
-5.55893290000021	142.21	
-5.54893290000021	142.23	
-5.53893290000021	142.24	
-5.52893290000021	142.25	
-5.51893290000021	142.26	
-5.50893290000021	142.27	
-5.49893290000021	142.28	
-5.48893290000021	142.29	
-5.47893290000022	142.29	
-5.46893290000022	142.30	
-5.45893290000022	142.30	
-5.44893290000022	142.31	
-5.43893290000022	142.31	
-5.42893290000022	142.32	
-5.41893290000022	142.32	
-5.40893290000022	142.33	
-5.39893290000022	142.33	
-5.38893290000022	142.34	
-5.37893290000022	142.34	
-5.36893290000022	142.35	
-5.35893290000022	142.35	
-5.34893290000022	142.35	
-5.33893290000022	142.36	
-5.32893290000022	142.36	
-5.31893290000022	142.37	
-5.30893290000022	142.37	
-5.29893290000022	142.37	
-5.28893290000022	142.38	
-5.27893290000022	142.39	
-5.26893290000022	142.40	
-5.25893290000022	142.42	
-5.24893290000022	142.43	
-5.23893290000022	142.45	
-5.22893290000022	142.46	
-5.21893290000022	142.48	
-5.20893290000022	142.50	
-5.19893290000022	142.51	
-5.18893290000022	142.53	
-5.17893290000022	142.54	
-5.16893290000022	142.55	
-5.15893290000022	142.55	
-5.14893290000022	142.56	
-5.13893290000022	142.56	
-5.12893290000022	142.56	
-5.11893290000022	142.56	
-5.10893290000022	142.56	
-5.09893290000022	142.56	
-5.08893290000022	142.57	
-5.07893290000022	142.57	
-5.06893290000022	142.57	
-5.05893290000022	142.57	
-5.04893290000022	142.56	
-5.03893290000022	142.56	
-5.02893290000022	142.55	
-5.01893290000023	142.55	
-5.00893290000023	142.54	
-4.99893290000023	142.53	
-4.98893290000023	142.53	
-4.97893290000023	142.52	
-4.96893290000023	142.52	
-4.95893290000023	142.51	
-4.94893290000023	142.51	
-4.93893290000023	142.50	
-4.92893290000023	142.50	
-4.91893290000023	142.50	
-4.90893290000023	142.50	
-4.89893290000023	142.50	
-4.88893290000023	142.50	
-4.87893290000023	142.50	
-4.86893290000023	142.50	
-4.85893290000023	142.49	
-4.84893290000023	142.49	
-4.83893290000023	142.51	
-4.82893290000023	142.54	
-4.81893290000023	142.58	
-4.80893290000023	142.61	
-4.79893290000023	142.65	
-4.78893290000023	142.68	
-4.77893290000023	142.72	
-4.76893290000023	142.75	
-4.75893290000023	142.79	
-4.74893290000023	142.83	
-4.73893290000023	142.86	
-4.72893290000023	142.88	
-4.71893290000023	142.89	
-4.70893290000023	142.89	
-4.69893290000023	142.90	
-4.68893290000023	142.90	
-4.67893290000023	142.91	
-4.66893290000023	142.91	
-4.65893290000023	142.92	
-4.64893290000023	142.92	
-4.63893290000023	142.93	
-4.62893290000023	142.93	
-4.61893290000023	142.93	
-4.60893290000023	142.93	
-4.59893290000023	142.92	
-4.58893290000023	142.92	
-4.57893290000023	142.91	
-4.56893290000023	142.91	
-4.55893290000023	142.90	
-4.54893290000024	142.90	
-4.53893290000024	142.89	
-4.52893290000024	142.88	
-4.51893290000024	142.88	
-4.50893290000024	142.89	
-4.49893290000024	142.91	
-4.48893290000024	142.94	
-4.47893290000024	142.97	
-4.46893290000024	143.00	
-4.45893290000024	143.02	
-4.44893290000024	143.05	
-4.43893290000024	143.08	
-4.42893290000024	143.11	
-4.41893290000024	143.14	
-4.40893290000024	143.16	
-4.39893290000024	143.18	
-4.38893290000024	143.19	
-4.37893290000024	143.19	
-4.36893290000024	143.20	
-4.35893290000024	143.20	
-4.34893290000024	143.21	
-4.33893290000024	143.21	
-4.32893290000024	143.22	
-4.31893290000024	143.22	
-4.30893290000024	143.23	
-4.29893290000024	143.24	
-4.28893290000024	143.25	
-4.27893290000024	143.27	
-4.26893290000024	143.30	
-4.25893290000024	143.32	
-4.24893290000024	143.34	
-4.23893290000024	143.37	
-4.22893290000024	143.39	
-4.21893290000024	143.41	
-4.20893290000024	143.44	
-4.19893290000024	143.46	
-4.18893290000024	143.48	
-4.17893290000024	143.50	
-4.16893290000024	143.50	
-4.15893290000024	143.50	
-4.14893290000024	143.51	
-4.13893290000024	143.51	
-4.12893290000024	143.52	
-4.11893290000024	143.52	
-4.10893290000024	143.52	
-4.09893290000024	143.53	
-4.08893290000024	143.53	
-4.07893290000025	143.53	
-4.06893290000025	143.55	
-4.05893290000025	143.58	
-4.04893290000025	143.61	
-4.03893290000025	143.65	
-4.02893290000025	143.68	
-4.01893290000025	143.71	
-4.00893290000025	143.74	
-3.99893290000025	143.78	
-3.98893290000025	143.81	
-3.97893290000025	143.84	
-3.96893290000025	143.87	
-3.95893290000025	143.88	
-3.94893290000025	143.85	
-3.93893290000025	143.83	
-3.92893290000025	143.80	
-3.91893290000025	143.78	
-3.90893290000025	143.75	
-3.89893290000025	143.72	
-3.88893290000025	143.70	
-3.87893290000025	143.67	
-3.86893290000025	143.64	
-3.85893290000025	143.62	
-3.84893290000025	143.60	
-3.83893290000025	143.61	
-3.82893290000025	143.62	
-3.81893290000025	143.63	
-3.80893290000025	143.64	
-3.79893290000025	143.65	
-3.78893290000025	143.66	
-3.77893290000025	143.66	
-3.76893290000025	143.67	
-3.75893290000025	143.68	
-3.74893290000025	143.69	
-3.73893290000025	143.70	
-3.72893290000025	143.71	
-3.71893290000025	143.73	
-3.70893290000025	143.74	
-3.69893290000025	143.75	
-3.68893290000025	143.77	
-3.67893290000025	143.78	
-3.66893290000025	143.79	
-3.65893290000025	143.81	
-3.64893290000025	143.82	
-3.63893290000025	143.83	
-3.62893290000025	143.85	
-3.61893290000025	143.87	
-3.60893290000026	143.89	
-3.59893290000026	143.90	
-3.58893290000026	143.92	
-3.57893290000026	143.94	
-3.56893290000026	143.96	
-3.55893290000026	143.98	
-3.54893290000026	144.00	
-3.53893290000026	144.01	
-3.52893290000026	144.03	
-3.51893290000026	144.05	
-3.50893290000026	144.06	
-3.49893290000026	144.07	
-3.48893290000026	144.08	
-3.47893290000026	144.09	
-3.46893290000026	144.10	
-3.45893290000026	144.11	
-3.44893290000026	144.12	
-3.43893290000026	144.13	
-3.42893290000026	144.15	
-3.41893290000026	144.16	
-3.40893290000026	144.16	
-3.39893290000026	144.16	
-3.38893290000026	144.16	
-3.37893290000026	144.16	
-3.36893290000026	144.15	
-3.35893290000026	144.15	
-3.34893290000026	144.15	
-3.33893290000026	144.15	
-3.32893290000026	144.15	
-3.31893290000026	144.15	
-3.30893290000026	144.14	
-3.29893290000026	144.14	
-3.28893290000026	144.14	
-3.27893290000026	144.14	
-3.26893290000026	144.14	
-3.25893290000026	144.14	
-3.24893290000026	144.14	
-3.23893290000026	144.14	
-3.22893290000026	144.13	
-3.21893290000026	144.13	
-3.20893290000026	144.13	
-3.19893290000026	144.13	
-3.18893290000026	144.14	
-3.17893290000026	144.16	
-3.16893290000026	144.19	
-3.15893290000026	144.21	
-3.14893290000026	144.23	
-3.13893290000027	144.26	
-3.12893290000027	144.28	
-3.11893290000027	144.31	
-3.10893290000027	144.33	
-3.09893290000027	144.35	
-3.08893290000027	144.38	
-3.07893290000027	144.39	
-3.06893290000027	144.38	
-3.05893290000027	144.38	
-3.04893290000027	144.37	
-3.03893290000027	144.36	
-3.02893290000027	144.36	
-3.01893290000027	144.35	
-3.00893290000027	144.35	
-2.99893290000027	144.34	
-2.98893290000027	144.33	
-2.97893290000027	144.33	
-2.96893290000027	144.33	
-2.95893290000027	144.34	
-2.94893290000027	144.36	
-2.93893290000027	144.37	
-2.92893290000027	144.39	
-2.91893290000027	144.40	
-2.90893290000027	144.42	
-2.89893290000027	144.43	
-2.88893290000027	144.45	
-2.87893290000027	144.46	
-2.86893290000027	144.47	
-2.85893290000027	144.48	
-2.84893290000027	144.48	
-2.83893290000027	144.47	
-2.82893290000027	144.47	
-2.81893290000027	144.47	
-2.80893290000027	144.46	
-2.79893290000027	144.46	
-2.78893290000027	144.46	
-2.77893290000027	144.45	
-2.76893290000027	144.45	
-2.75893290000027	144.44	
-2.74893290000027	144.45	
-2.73893290000027	144.49	
-2.72893290000027	144.52	
-2.71893290000027	144.55	
-2.70893290000027	144.58	
-2.69893290000027	144.61	
-2.68893290000027	144.64	
-2.67893290000027	144.67	
-2.66893290000028	144.70	
-2.65893290000028	144.73	
-2.64893290000028	144.77	
-2.63893290000028	144.77	
-2.62893290000028	144.74	
-2.61893290000028	144.71	
-2.60893290000028	144.68	
-2.59893290000028	144.65	
-2.58893290000028	144.62	
-2.57893290000028	144.59	
-2.56893290000028	144.56	
-2.55893290000028	144.53	
-2.54893290000028	144.50	
-2.53893290000028	144.47	
-2.52893290000028	144.46	
-2.51893290000028	144.47	
-2.50893290000028	144.49	
-2.49893290000028	144.50	
-2.48893290000028	144.51	
-2.47893290000028	144.52	
-2.46893290000028	144.53	
-2.45893290000028	144.54	
-2.44893290000028	144.55	
-2.43893290000028	144.57	
-2.42893290000028	144.58	
-2.41893290000028	144.59	
-2.40893290000028	144.61	
-2.39893290000028	144.63	
-2.38893290000028	144.65	
-2.37893290000028	144.67	
-2.36893290000028	144.69	
-2.35893290000028	144.71	
-2.34893290000028	144.73	
-2.33893290000028	144.75	
-2.32893290000028	144.77	
-2.31893290000028	144.79	
-2.30893290000028	144.80	
-2.29893290000028	144.82	
-2.28893290000028	144.83	
-2.27893290000028	144.84	
-2.26893290000028	144.85	
-2.25893290000028	144.86	
-2.24893290000028	144.88	
-2.23893290000028	144.89	
-2.22893290000028	144.90	
-2.21893290000028	144.91	
-2.20893290000028	144.92	
-2.19893290000029	144.92	
-2.18893290000029	144.90	
-2.17893290000029	144.89	
-2.16893290000029	144.87	
-2.15893290000029	144.85	
-2.14893290000029	144.84	
-2.13893290000029	144.82	
-2.12893290000029	144.80	
-2.11893290000029	144.79	
-2.10893290000029	144.77	
-2.09893290000029	144.75	
-2.08893290000029	144.75	
-2.07893290000029	144.78	
-2.06893290000029	144.80	
-2.05893290000029	144.82	
-2.04893290000029	144.84	
-2.03893290000029	144.87	
-2.02893290000029	144.89	
-2.01893290000029	144.91	
-2.00893290000029	144.94	
-1.99893290000029	144.96	
-1.98893290000029	144.98	
-1.97893290000029	144.99	
-1.96893290000029	144.98	
-1.95893290000029	144.97	
-1.94893290000029	144.96	
-1.93893290000029	144.95	
-1.92893290000029	144.94	
-1.91893290000029	144.93	
-1.90893290000029	144.92	
-1.89893290000029	144.91	
-1.88893290000029	144.90	
-1.87893290000029	144.89	
-1.86893290000029	144.89	
-1.85893290000029	144.90	
-1.84893290000029	144.90	
-1.83893290000029	144.91	
-1.82893290000029	144.91	
-1.81893290000029	144.91	
-1.80893290000029	144.92	
-1.79893290000029	144.92	
-1.78893290000029	144.93	
-1.77893290000029	144.93	
-1.76893290000029	144.94	
-1.75893290000029	144.94	
-1.74893290000029	144.93	
-1.73893290000029	144.92	
-1.72893290000029	144.91	
-1.71893290000029	144.89	
-1.70893290000029	144.88	
-1.69893290000029	144.87	
-1.68893290000029	144.86	
-1.67893290000029	144.85	
-1.66893290000029	144.84	
-1.65893290000029	144.83	
-1.64893290000029	144.84	
-1.63893290000029	144.85	
-1.62893290000029	144.87	
-1.61893290000029	144.88	
-1.60893290000029	144.90	
-1.59893290000029	144.91	
-1.58893290000029	144.93	
-1.57893290000029	144.94	
-1.56893290000029	144.96	
-1.55893290000029	144.97	
-1.54893290000029	144.99	
-1.53893290000029	145.01	
-1.52893290000029	145.04	
-1.51893290000029	145.07	
-1.50893290000029	145.09	
-1.49893290000029	145.12	
-1.48893290000029	145.15	
-1.47893290000029	145.18	
-1.46893290000029	145.21	
-1.45893290000029	145.23	
-1.44893290000029	145.26	
-1.43893290000029	145.29	
-1.42893290000029	145.29	
-1.41893290000029	145.27	
-1.40893290000029	145.24	
-1.39893290000029	145.21	
-1.38893290000029	145.19	
-1.37893290000029	145.16	
-1.36893290000029	145.14	
-1.35893290000029	145.11	
-1.34893290000029	145.09	
-1.33893290000029	145.06	
-1.32893290000029	145.03	
-1.31893290000029	145.02	
-1.30893290000029	145.03	
-1.29893290000029	145.03	
-1.28893290000029	145.04	
-1.27893290000029	145.04	
-1.26893290000029	145.05	
-1.25893290000029	145.05	
-1.24893290000029	145.06	
-1.23893290000029	145.06	
-1.22893290000029	145.07	
-1.21893290000029	145.07	
-1.20893290000029	145.08	
-1.19893290000029	145.09	
-1.18893290000029	145.10	
-1.17893290000029	145.11	
-1.16893290000029	145.12	
-1.15893290000029	145.13	
-1.14893290000029	145.14	
-1.13893290000029	145.15	
-1.12893290000029	145.16	
-1.11893290000029	145.17	
-1.10893290000029	145.18	
-1.09893290000029	145.18	
-1.08893290000029	145.18	
-1.07893290000029	145.17	
-1.06893290000029	145.16	
-1.05893290000029	145.15	
-1.04893290000029	145.15	
-1.03893290000029	145.14	
-1.02893290000029	145.13	
-1.01893290000029	145.13	
-1.00893290000029	145.12	
-0.998932900000288	145.11	
-0.988932900000288	145.11	
-0.978932900000288	145.12	
-0.968932900000288	145.13	
-0.958932900000288	145.13	
-0.948932900000288	145.14	
-0.938932900000288	145.15	
-0.928932900000288	145.15	
-0.918932900000288	145.16	
-0.908932900000288	145.17	
-0.898932900000288	145.17	
-0.888932900000288	145.18	
-0.878932900000288	145.19	
-0.868932900000288	145.19	
-0.858932900000288	145.19	
-0.848932900000288	145.20	
-0.838932900000288	145.20	
-0.828932900000288	145.21	
-0.818932900000288	145.21	
-0.808932900000288	145.22	
-0.798932900000288	145.22	
-0.788932900000288	145.22	
-0.778932900000288	145.23	
-0.768932900000288	145.23	
-0.758932900000288	145.22	
-0.748932900000288	145.21	
-0.738932900000288	145.20	
-0.728932900000288	145.19	
-0.718932900000288	145.18	
-0.708932900000288	145.17	
-0.698932900000288	145.16	
-0.688932900000288	145.15	
-0.678932900000288	145.14	
-0.668932900000288	145.14	
-0.658932900000288	145.13	
-0.648932900000288	145.13	
-0.638932900000288	145.13	
-0.628932900000288	145.13	
-0.618932900000288	145.13	
-0.608932900000288	145.12	
-0.598932900000288	145.12	
-0.588932900000288	145.12	
-0.578932900000288	145.12	
-0.568932900000288	145.12	
-0.558932900000288	145.12	
-0.548932900000288	145.12	
-0.538932900000288	145.13	
-0.528932900000288	145.14	
-0.518932900000288	145.15	
-0.508932900000288	145.16	
-0.498932900000288	145.17	
-0.488932900000288	145.18	
-0.478932900000288	145.19	
-0.468932900000288	145.20	
-0.458932900000288	145.21	
-0.448932900000288	145.22	
-0.438932900000288	145.22	
-0.428932900000288	145.21	
-0.418932900000288	145.21	
-0.408932900000288	145.20	
-0.398932900000288	145.20	
-0.388932900000288	145.19	
-0.378932900000288	145.19	
-0.368932900000288	145.18	
-0.358932900000288	145.17	
-0.348932900000288	145.17	
-0.338932900000288	145.16	
-0.328932900000288	145.16	
-0.318932900000288	145.15	
-0.308932900000288	145.15	
-0.298932900000288	145.15	
-0.288932900000288	145.14	
-0.278932900000288	145.14	
-0.268932900000288	145.13	
-0.258932900000288	145.13	
-0.248932900000288	145.12	
-0.238932900000288	145.12	
-0.228932900000288	145.11	
-0.218932900000288	145.11	
-0.208932900000288	145.11	
-0.198932900000288	145.12	
-0.188932900000288	145.12	
-0.178932900000287	145.12	
-0.168932900000287	145.12	
-0.158932900000287	145.12	
-0.148932900000287	145.12	
-0.138932900000287	145.12	
-0.128932900000287	145.12	
-0.118932900000287	145.13	
-0.108932900000287	145.13	
-0.0989329000002875	145.15	
-0.0889329000002875	145.16	
-0.0789329000002875	145.17	
-0.0689329000002875	145.18	
-0.0589329000002875	145.20	
-0.0489329000002875	145.21	
-0.0389329000002875	145.22	
-0.0289329000002875	145.23	
-0.0189329000002875	145.24	
-0.00893290000028747	145.26	
0.00106709999971253	145.26	
0.0110670999997125	145.26	
0.0210670999997125	145.26	
0.0310670999997125	145.26	
0.0410670999997125	145.26	
0.0510670999997125	145.25	
0.0610670999997125	145.25	
0.0710670999997125	145.25	
0.0810670999997125	145.25	
0.0910670999997125	145.25	
0.101067099999713	145.25	
0.111067099999713	145.25	
0.121067099999713	145.24	
0.131067099999713	145.24	
0.141067099999713	145.24	
0.151067099999713	145.24	
0.161067099999713	145.24	
0.171067099999713	145.23	
0.181067099999713	145.23	
0.191067099999713	145.23	
0.201067099999713	145.23	
0.211067099999713	145.22	
0.221067099999713	145.21	
0.231067099999713	145.19	
0.241067099999713	145.17	
0.251067099999713	145.15	
0.261067099999713	145.14	
0.271067099999713	145.12	
0.281067099999713	145.10	
0.291067099999713	145.08	
0.301067099999713	145.06	
0.311067099999713	145.04	
0.321067099999713	145.02	
0.331067099999713	145.02	
0.341067099999713	145.03	
0.351067099999713	145.03	
0.361067099999713	145.04	
0.371067099999713	145.05	
0.381067099999713	145.06	
0.391067099999713	145.06	
0.401067099999713	145.07	
0.411067099999713	145.08	
0.421067099999713	145.09	
0.431067099999713	145.09	
0.441067099999713	145.10	
0.451067099999713	145.09	
0.461067099999713	145.09	
0.471067099999713	145.08	
0.481067099999713	145.08	
0.491067099999713	145.08	
0.501067099999713	145.07	
0.511067099999713	145.07	
0.521067099999713	145.07	
0.531067099999713	145.06	
0.541067099999713	145.06	
0.551067099999713	145.07	
0.561067099999713	145.10	
0.571067099999713	145.12	
0.581067099999713	145.14	
0.591067099999713	145.17	
0.601067099999713	145.19	
0.611067099999713	145.21	
0.621067099999713	145.24	
0.631067099999713	145.26	
0.641067099999713	145.28	
0.651067099999713	145.31	
0.661067099999713	145.30	
0.671067099999713	145.27	
0.681067099999713	145.25	
0.691067099999713	145.22	
0.701067099999713	145.19	
0.711067099999713	145.17	
0.721067099999713	145.14	
0.731067099999713	145.11	
0.741067099999713	145.09	
0.751067099999713	145.06	
0.761067099999713	145.03	
0.771067099999713	145.04	
0.781067099999713	145.07	
0.791067099999713	145.09	
0.801067099999713	145.12	
0.811067099999713	145.15	
0.821067099999713	145.18	
0.831067099999713	145.21	
0.841067099999713	145.23	
0.851067099999713	145.26	
0.861067099999713	145.29	
0.871067099999713	145.32	
0.881067099999713	145.31	
0.891067099999713	145.27	
0.901067099999713	145.24	
0.911067099999713	145.20	
0.921067099999713	145.17	
0.931067099999713	145.14	
0.941067099999713	145.10	
0.951067099999713	145.07	
0.961067099999713	145.03	
0.971067099999713	145.00	
0.981067099999713	144.96	
0.991067099999713	144.94	
1.00106709999971	144.94	
1.01106709999971	144.93	
1.02106709999971	144.92	
1.03106709999971	144.91	
1.04106709999971	144.91	
1.05106709999971	144.90	
1.06106709999971	144.89	
1.07106709999971	144.89	
1.08106709999971	144.88	
1.09106709999971	144.87	
1.10106709999971	144.88	
1.11106709999971	144.90	
1.12106709999971	144.91	
1.13106709999971	144.93	
1.14106709999971	144.95	
1.15106709999971	144.96	
1.16106709999971	144.98	
1.17106709999971	145.00	
1.18106709999971	145.02	
1.19106709999971	145.03	
1.20106709999971	145.05	
1.21106709999971	145.07	
1.22106709999971	145.09	
1.23106709999971	145.12	
1.24106709999971	145.14	
1.25106709999971	145.16	
1.26106709999971	145.19	
1.27106709999971	145.21	
1.28106709999971	145.23	
1.29106709999971	145.25	
1.30106709999971	145.28	
1.31106709999971	145.30	
1.32106709999971	145.28	
1.33106709999971	145.24	
1.34106709999971	145.20	
1.35106709999971	145.16	
1.36106709999971	145.12	
1.37106709999971	145.08	
1.38106709999971	145.03	
1.39106709999971	144.99	
1.40106709999971	144.95	
1.41106709999971	144.91	
1.42106709999971	144.87	
1.43106709999971	144.85	
1.44106709999971	144.84	
1.45106709999971	144.84	
1.46106709999971	144.84	
1.47106709999971	144.83	
1.48106709999971	144.83	
1.49106709999971	144.82	
1.50106709999971	144.82	
1.51106709999971	144.82	
1.52106709999971	144.81	
1.53106709999971	144.81	
1.54106709999971	144.80	
1.55106709999971	144.79	
1.56106709999971	144.77	
1.57106709999971	144.76	
1.58106709999971	144.75	
1.59106709999971	144.73	
1.60106709999971	144.72	
1.61106709999971	144.71	
1.62106709999971	144.69	
1.63106709999971	144.68	
1.64106709999971	144.67	
1.65106709999971	144.67	
1.66106709999971	144.69	
1.67106709999971	144.70	
1.68106709999971	144.72	
1.69106709999971	144.73	
1.70106709999971	144.75	
1.71106709999971	144.76	
1.72106709999971	144.78	
1.73106709999971	144.79	
1.74106709999971	144.80	
1.75106709999971	144.82	
1.76106709999971	144.82	
1.77106709999971	144.80	
1.78106709999971	144.79	
1.79106709999971	144.78	
1.80106709999971	144.76	
1.81106709999971	144.75	
1.82106709999971	144.73	
1.83106709999971	144.72	
1.84106709999971	144.70	
1.85106709999971	144.69	
1.86106709999971	144.68	
1.87106709999971	144.67	
1.88106709999971	144.66	
1.89106709999971	144.65	
1.90106709999971	144.65	
1.91106709999971	144.64	
1.92106709999971	144.64	
1.93106709999971	144.63	
1.94106709999971	144.62	
1.95106709999971	144.62	
1.96106709999971	144.61	
1.97106709999971	144.60	
1.98106709999971	144.59	
1.99106709999971	144.57	
2.00106709999971	144.54	
2.01106709999971	144.52	
2.02106709999971	144.50	
2.03106709999971	144.48	
2.04106709999971	144.46	
2.05106709999971	144.43	
2.06106709999971	144.41	
2.07106709999971	144.39	
2.08106709999971	144.37	
2.09106709999971	144.36	
2.10106709999971	144.35	
2.11106709999971	144.35	
2.12106709999971	144.34	
2.13106709999971	144.34	
2.14106709999971	144.33	
2.15106709999971	144.33	
2.16106709999971	144.32	
2.17106709999971	144.32	
2.18106709999971	144.31	
2.19106709999971	144.31	
2.20106709999971	144.32	
2.21106709999971	144.35	
2.22106709999971	144.38	
2.23106709999971	144.40	
2.24106709999971	144.43	
2.25106709999971	144.46	
2.26106709999971	144.49	
2.27106709999971	144.51	
2.28106709999971	144.54	
2.29106709999971	144.57	
2.30106709999971	144.60	
2.31106709999971	144.60	
2.32106709999971	144.57	
2.33106709999971	144.55	
2.34106709999971	144.53	
2.35106709999971	144.51	
2.36106709999971	144.49	
2.37106709999971	144.47	
2.38106709999971	144.45	
2.39106709999971	144.43	
2.40106709999971	144.41	
2.41106709999971	144.39	
2.4210670999997	144.38	
2.4310670999997	144.38	
2.4410670999997	144.38	
2.4510670999997	144.38	
2.4610670999997	144.38	
2.4710670999997	144.38	
2.4810670999997	144.38	
2.4910670999997	144.38	
2.5010670999997	144.38	
2.5110670999997	144.38	
2.5210670999997	144.39	
2.5310670999997	144.37	
2.5410670999997	144.36	
2.5510670999997	144.34	
2.5610670999997	144.33	
2.5710670999997	144.31	
2.5810670999997	144.30	
2.5910670999997	144.28	
2.6010670999997	144.27	
2.6110670999997	144.25	
2.6210670999997	144.24	
2.6310670999997	144.22	
2.6410670999997	144.20	
2.6510670999997	144.17	
2.6610670999997	144.14	
2.6710670999997	144.12	
2.6810670999997	144.09	
2.6910670999997	144.06	
2.7010670999997	144.04	
2.7110670999997	144.01	
2.7210670999997	143.98	
2.7310670999997	143.96	
2.7410670999997	143.93	
2.7510670999997	143.93	
2.7610670999997	143.93	
2.7710670999997	143.94	
2.7810670999997	143.95	
2.7910670999997	143.96	
2.8010670999997	143.96	
2.8110670999997	143.97	
2.8210670999997	143.98	
2.8310670999997	143.99	
2.8410670999997	143.99	
2.8510670999997	144.00	
2.8610670999997	143.99	
2.8710670999997	143.97	
2.8810670999997	143.95	
2.89106709999969	143.94	
2.90106709999969	143.92	
2.91106709999969	143.90	
2.92106709999969	143.88	
2.93106709999969	143.86	
2.94106709999969	143.84	
2.95106709999969	143.82	
2.96106709999969	143.80	
2.97106709999969	143.80	
2.98106709999969	143.80	
2.99106709999969	143.80	
3.00106709999969	143.80	
3.01106709999969	143.80	
3.02106709999969	143.80	
3.03106709999969	143.80	
3.04106709999969	143.80	
3.05106709999969	143.81	
3.06106709999969	143.81	
3.07106709999969	143.81	
3.08106709999969	143.81	
3.09106709999969	143.81	
3.10106709999969	143.81	
3.11106709999969	143.81	
3.12106709999969	143.81	
3.13106709999969	143.81	
3.14106709999969	143.82	
3.15106709999969	143.82	
3.16106709999969	143.82	
3.17106709999969	143.82	
3.18106709999969	143.82	
3.19106709999969	143.80	
3.20106709999969	143.78	
3.21106709999969	143.76	
3.22106709999969	143.73	
3.23106709999969	143.71	
3.24106709999969	143.68	
3.25106709999969	143.66	
3.26106709999969	143.64	
3.27106709999969	143.61	
3.28106709999969	143.59	
3.29106709999969	143.56	
3.30106709999969	143.57	
3.31106709999969	143.58	
3.32106709999969	143.59	
3.33106709999969	143.61	
3.34106709999969	143.62	
3.35106709999969	143.63	
3.36106709999968	143.65	
3.37106709999968	143.66	
3.38106709999968	143.67	
3.39106709999968	143.69	
3.40106709999968	143.70	
3.41106709999968	143.69	
3.42106709999968	143.67	
3.43106709999968	143.65	
3.44106709999968	143.63	
3.45106709999968	143.61	
3.46106709999968	143.59	
3.47106709999968	143.57	
3.48106709999968	143.56	
3.49106709999968	143.54	
3.50106709999968	143.52	
3.51106709999968	143.50	
3.52106709999968	143.48	
3.53106709999968	143.47	
3.54106709999968	143.46	
3.55106709999968	143.44	
3.56106709999968	143.43	
3.57106709999968	143.42	
3.58106709999968	143.41	
3.59106709999968	143.39	
3.60106709999968	143.38	
3.61106709999968	143.37	
3.62106709999968	143.36	
3.63106709999968	143.36	
3.64106709999968	143.38	
3.65106709999968	143.39	
3.66106709999968	143.41	
3.67106709999968	143.43	
3.68106709999968	143.44	
3.69106709999968	143.46	
3.70106709999968	143.47	
3.71106709999968	143.49	
3.72106709999968	143.51	
3.73106709999968	143.52	
3.74106709999968	143.50	
3.75106709999968	143.45	
3.76106709999968	143.40	
3.77106709999968	143.36	
3.78106709999968	143.31	
3.79106709999968	143.27	
3.80106709999968	143.22	
3.81106709999968	143.18	
3.82106709999968	143.13	
3.83106709999967	143.09	
3.84106709999967	143.04	
3.85106709999967	143.04	
3.86106709999967	143.06	
3.87106709999967	143.07	
3.88106709999967	143.09	
3.89106709999967	143.11	
3.90106709999967	143.12	
3.91106709999967	143.14	
3.92106709999967	143.16	
3.93106709999967	143.17	
3.94106709999967	143.19	
3.95106709999967	143.21	
3.96106709999967	143.20	
3.97106709999967	143.19	
3.98106709999967	143.17	
3.99106709999967	143.15	
4.00106709999967	143.14	
4.01106709999967	143.12	
4.02106709999967	143.11	
4.03106709999967	143.09	
4.04106709999967	143.08	
4.05106709999967	143.06	
4.06106709999967	143.05	
4.07106709999967	143.04	
4.08106709999967	143.03	
4.09106709999967	143.02	
4.10106709999967	143.01	
4.11106709999967	143.00	
4.12106709999967	142.99	
4.13106709999967	142.98	
4.14106709999967	142.97	
4.15106709999967	142.97	
4.16106709999967	142.96	
4.17106709999967	142.95	
4.18106709999967	142.94	
4.19106709999967	142.93	
4.20106709999967	142.93	
4.21106709999967	142.92	
4.22106709999967	142.92	
4.23106709999967	142.91	
4.24106709999967	142.90	
4.25106709999967	142.90	
4.26106709999967	142.89	
4.27106709999967	142.88	
4.28106709999967	142.88	
4.29106709999967	142.87	
4.30106709999967	142.87	
4.31106709999967	142.86	
4.32106709999966	142.86	
4.33106709999966	142.86	
4.34106709999966	142.85	
4.35106709999966	142.85	
4.36106709999966	142.84	
4.37106709999966	142.84	
4.38106709999966	142.83	
4.39106709999966	142.83	
4.40106709999966	142.81	
4.41106709999966	142.78	
4.42106709999966	142.75	
4.43106709999966	142.72	
4.44106709999966	142.69	
4.45106709999966	142.66	
4.46106709999966	142.63	
4.47106709999966	142.60	
4.48106709999966	142.57	
4.49106709999966	142.54	
4.50106709999966	142.51	
4.51106709999966	142.50	
4.52106709999966	142.50	
4.53106709999966	142.50	
4.54106709999966	142.50	
4.55106709999966	142.50	
4.56106709999966	142.50	
4.57106709999966	142.50	
4.58106709999966	142.50	
4.59106709999966	142.50	
4.60106709999966	142.50	
4.61106709999966	142.50	
4.62106709999966	142.49	
4.63106709999966	142.47	
4.64106709999966	142.45	
4.65106709999966	142.44	
4.66106709999966	142.42	
4.67106709999966	142.41	
4.68106709999966	142.39	
4.69106709999966	142.37	
4.70106709999966	142.36	
4.71106709999966	142.34	
4.72106709999966	142.33	
4.73106709999966	142.31	
4.74106709999966	142.29	
4.75106709999966	142.26	
4.76106709999966	142.24	
4.77106709999966	142.22	
4.78106709999966	142.20	
4.79106709999965	142.18	
4.80106709999965	142.16	
4.81106709999965	142.14	
4.82106709999965	142.12	
4.83106709999965	142.10	
4.84106709999965	142.10	
4.85106709999965	142.10	
4.86106709999965	142.10	
4.87106709999965	142.11	
4.88106709999965	142.11	
4.89106709999965	142.11	
4.90106709999965	142.11	
4.91106709999965	142.12	
4.92106709999965	142.12	
4.93106709999965	142.12	
4.94106709999965	142.12	
4.95106709999965	142.12	
4.96106709999965	142.11	
4.97106709999965	142.11	
4.98106709999965	142.10	
4.99106709999965	142.09	
5.00106709999965	142.08	
5.01106709999965	142.08	
5.02106709999965	142.07	
5.03106709999965	142.06	
5.04106709999965	142.05	
5.05106709999965	142.05	
5.06106709999965	142.03	
5.07106709999965	142.00	
5.08106709999965	141.98	
5.09106709999965	141.96	
5.10106709999965	141.93	
5.11106709999965	141.91	
5.12106709999965	141.89	
5.13106709999965	141.86	
5.14106709999965	141.84	
5.15106709999965	141.82	
5.16106709999965	141.79	
5.17106709999965	141.79	
5.18106709999965	141.79	
5.19106709999965	141.79	
5.20106709999965	141.78	
5.21106709999965	141.78	
5.22106709999965	141.78	
5.23106709999965	141.78	
5.24106709999965	141.78	
5.25106709999964	141.78	
5.26106709999964	141.78	
5.27106709999964	141.78	
5.28106709999964	141.77	
5.29106709999964	141.75	
5.30106709999964	141.73	
5.31106709999964	141.71	
5.32106709999964	141.69	
5.33106709999964	141.67	
5.34106709999964	141.65	
5.35106709999964	141.63	
5.36106709999964	141.61	
5.37106709999964	141.59	
5.38106709999964	141.58	
5.39106709999964	141.57	
5.40106709999964	141.57	
5.41106709999964	141.57	
5.42106709999964	141.57	
5.43106709999964	141.57	
5.44106709999964	141.57	
5.45106709999964	141.57	
5.46106709999964	141.56	
5.47106709999964	141.56	
5.48106709999964	141.56	
5.49106709999964	141.56	
5.50106709999964	141.56	
5.51106709999964	141.57	
5.52106709999964	141.57	
5.53106709999964	141.57	
5.54106709999964	141.57	
5.55106709999964	141.58	
5.56106709999964	141.58	
5.57106709999964	141.58	
5.58106709999964	141.58	
5.59106709999964	141.58	
5.60106709999964	141.59	
5.61106709999964	141.58	
5.62106709999964	141.58	
5.63106709999964	141.57	
5.64106709999964	141.56	
5.65106709999964	141.56	
5.66106709999964	141.55	
5.67106709999964	141.54	
5.68106709999964	141.54	
5.69106709999964	141.53	
5.70106709999964	141.52	
5.71106709999964	141.52	
5.72106709999963	141.51	
5.73106709999963	141.51	
5.74106709999963	141.50	
5.75106709999963	141.50	
5.76106709999963	141.49	
5.77106709999963	141.49	
5.78106709999963	141.48	
5.79106709999963	141.48	
5.80106709999963	141.47	
5.81106709999963	141.47	
5.82106709999963	141.46	
5.83106709999963	141.47	
5.84106709999963	141.48	
5.85106709999963	141.49	
5.86106709999963	141.50	
5.87106709999963	141.51	
5.88106709999963	141.52	
5.89106709999963	141.53	
5.90106709999963	141.54	
5.91106709999963	141.55	
5.92106709999963	141.56	
5.93106709999963	141.57	
5.94106709999963	141.57	
5.95106709999963	141.57	
5.96106709999963	141.56	
5.97106709999963	141.56	
5.98106709999963	141.56	
5.99106709999963	141.56	
6.00106709999963	141.56	
6.01106709999963	141.56	
6.02106709999963	141.56	
6.03106709999963	141.55	
6.04106709999963	141.55	
6.05106709999963	141.52	
6.06106709999963	141.49	
6.07106709999963	141.45	
6.08106709999963	141.41	
6.09106709999963	141.37	
6.10106709999963	141.34	
6.11106709999963	141.30	
6.12106709999963	141.26	
6.13106709999963	141.22	
6.14106709999963	141.19	
6.15106709999963	141.15	
6.16106709999963	141.15	
6.17106709999963	141.15	
6.18106709999963	141.16	
6.19106709999962	141.17	
6.20106709999962	141.18	
6.21106709999962	141.18	
6.22106709999962	141.19	
6.23106709999962	141.20	
6.24106709999962	141.20	
6.25106709999962	141.21	
6.26106709999962	141.22	
6.27106709999962	141.21	
6.28106709999962	141.19	
6.29106709999962	141.17	
6.30106709999962	141.16	
6.31106709999962	141.14	
6.32106709999962	141.12	
6.33106709999962	141.10	
6.34106709999962	141.09	
6.35106709999962	141.07	
6.36106709999962	141.05	
6.37106709999962	141.04	
6.38106709999962	141.03	
6.39106709999962	141.03	
6.40106709999962	141.02	
6.41106709999962	141.02	
6.42106709999962	141.02	
6.43106709999962	141.01	
6.44106709999962	141.01	
6.45106709999962	141.01	
6.46106709999962	141.00	
6.47106709999962	141.00	
6.48106709999962	141.00	
6.49106709999962	141.00	
6.50106709999962	141.00	
6.51106709999962	141.01	
6.52106709999962	141.01	
6.53106709999962	141.02	
6.54106709999962	141.02	
6.55106709999962	141.03	
6.56106709999962	141.03	
6.57106709999962	141.04	
6.58106709999962	141.04	
6.59106709999962	141.05	
6.60106709999962	141.06	
6.61106709999962	141.08	
6.62106709999962	141.09	
6.63106709999962	141.11	
6.64106709999962	141.13	
6.65106709999962	141.14	
6.66106709999961	141.16	
6.67106709999961	141.18	
6.68106709999961	141.19	
6.69106709999961	141.21	
6.70106709999961	141.22	
6.71106709999961	141.19	
6.72106709999961	141.15	
6.73106709999961	141.10	
6.74106709999961	141.05	
6.75106709999961	141.01	
6.76106709999961	140.96	
6.77106709999961	140.92	
6.78106709999961	140.87	
6.79106709999961	140.82	
6.80106709999961	140.78	
6.81106709999961	140.73	
6.82106709999961	140.73	
6.83106709999961	140.74	
6.84106709999961	140.75	
6.85106709999961	140.76	
6.86106709999961	140.77	
6.87106709999961	140.78	
6.88106709999961	140.78	
6.89106709999961	140.79	
6.90106709999961	140.80	
6.91106709999961	140.81	
6.92106709999961	140.82	
6.93106709999961	140.80	
6.94106709999961	140.78	
6.95106709999961	140.75	
6.96106709999961	140.73	
6.97106709999961	140.70	
6.98106709999961	140.67	
6.99106709999961	140.65	
7.00106709999961	140.62	
7.01106709999961	140.60	
7.02106709999961	140.57	
7.03106709999961	140.54	
7.04106709999961	140.55	
7.05106709999961	140.57	
7.06106709999961	140.59	
7.07106709999961	140.61	
7.08106709999961	140.62	
7.09106709999961	140.64	
7.10106709999961	140.66	
7.11106709999961	140.68	
7.12106709999961	140.69	
7.1310670999996	140.71	
7.1410670999996	140.73	
7.1510670999996	140.70	
7.1610670999996	140.67	
7.1710670999996	140.64	
7.1810670999996	140.60	
7.1910670999996	140.57	
7.2010670999996	140.53	
7.2110670999996	140.50	
7.2210670999996	140.47	
7.2310670999996	140.43	
7.2410670999996	140.40	
7.2510670999996	140.36	
7.2610670999996	140.35	
7.2710670999996	140.33	
7.2810670999996	140.32	
7.2910670999996	140.31	
7.3010670999996	140.29	
7.3110670999996	140.28	
7.3210670999996	140.27	
7.3310670999996	140.26	
7.3410670999996	140.24	
7.3510670999996	140.23	
7.3610670999996	140.22	
7.3710670999996	140.20	
7.3810670999996	140.18	
7.3910670999996	140.16	
7.4010670999996	140.14	
7.4110670999996	140.12	
7.4210670999996	140.10	
7.4310670999996	140.08	
7.4410670999996	140.06	
7.4510670999996	140.04	
7.4610670999996	140.02	
7.4710670999996	140.00	
7.4810670999996	140.00	
7.4910670999996	140.00	
7.5010670999996	140.01	
7.5110670999996	140.01	
7.5210670999996	140.01	
7.5310670999996	140.02	
7.5410670999996	140.02	
7.5510670999996	140.02	
7.5610670999996	140.03	
7.5710670999996	140.03	
7.5810670999996	140.03	
7.5910670999996	140.02	
7.60106709999959	140.01	
7.61106709999959	139.99	
7.62106709999959	139.98	
7.63106709999959	139.96	
7.64106709999959	139.94	
7.65106709999959	139.93	
7.66106709999959	139.91	
7.67106709999959	139.90	
7.68106709999959	139.88	
7.69106709999959	139.86	
7.70106709999959	139.85	
7.71106709999959	139.84	
7.72106709999959	139.83	
7.73106709999959	139.82	
7.74106709999959	139.81	
7.75106709999959	139.80	
7.76106709999959	139.79	
7.77106709999959	139.78	
7.78106709999959	139.77	
7.79106709999959	139.76	
7.80106709999959	139.75	
7.81106709999959	139.75	
7.82106709999959	139.75	
7.83106709999959	139.75	
7.84106709999959	139.76	
7.85106709999959	139.76	
7.86106709999959	139.76	
7.87106709999959	139.77	
7.88106709999959	139.77	
7.89106709999959	139.77	
7.90106709999959	139.77	
7.91106709999959	139.78	
7.92106709999959	139.77	
7.93106709999959	139.76	
7.94106709999959	139.75	
7.95106709999959	139.75	
7.96106709999959	139.74	
7.97106709999959	139.73	
7.98106709999959	139.72	
7.99106709999959	139.71	
8.00106709999959	139.70	
8.01106709999959	139.69	
8.02106709999959	139.69	
8.03106709999959	139.67	
8.04106709999959	139.66	
8.05106709999959	139.65	
8.06106709999959	139.63	
8.07106709999958	139.62	
8.08106709999958	139.61	
8.09106709999958	139.59	
8.10106709999958	139.58	
8.11106709999958	139.56	
8.12106709999958	139.55	
8.13106709999958	139.54	
8.14106709999958	139.54	
8.15106709999958	139.54	
8.16106709999958	139.54	
8.17106709999958	139.54	
8.18106709999958	139.54	
8.19106709999958	139.54	
8.20106709999958	139.54	
8.21106709999958	139.54	
8.22106709999958	139.54	
8.23106709999958	139.54	
8.24106709999958	139.54	
8.25106709999958	139.52	
8.26106709999958	139.50	
8.27106709999958	139.47	
8.28106709999958	139.45	
8.29106709999958	139.43	
8.30106709999958	139.40	
8.31106709999958	139.38	
8.32106709999958	139.35	
8.33106709999958	139.33	
8.34106709999958	139.31	
8.35106709999958	139.28	
8.36106709999958	139.25	
8.37106709999958	139.22	
8.38106709999958	139.18	
8.39106709999958	139.15	
8.40106709999958	139.11	
8.41106709999958	139.08	
8.42106709999958	139.04	
8.43106709999958	139.01	
8.44106709999958	138.97	
8.45106709999958	138.94	
8.46106709999958	138.90	
8.47106709999958	138.91	
8.48106709999958	138.93	
8.49106709999958	138.95	
8.50106709999958	138.97	
8.51106709999958	138.99	
8.52106709999958	139.01	
8.53106709999958	139.03	
8.54106709999957	139.05	
8.55106709999957	139.07	
8.56106709999957	139.09	
8.57106709999957	139.11	
8.58106709999957	139.10	
8.59106709999957	139.07	
8.60106709999957	139.05	
8.61106709999957	139.02	
8.62106709999957	139.00	
8.63106709999957	138.97	
8.64106709999957	138.95	
8.65106709999957	138.92	
8.66106709999957	138.90	
8.67106709999957	138.87	
8.68106709999957	138.85	
8.69106709999957	138.84	
8.70106709999957	138.84	
8.71106709999957	138.83	
8.72106709999957	138.83	
8.73106709999957	138.83	
8.74106709999957	138.83	
8.75106709999957	138.83	
8.76106709999957	138.82	
8.77106709999957	138.82	
8.78106709999957	138.82	
8.79106709999957	138.82	
8.80106709999957	138.79	
8.81106709999957	138.76	
8.82106709999957	138.72	
8.83106709999957	138.69	
8.84106709999957	138.65	
8.85106709999957	138.62	
8.86106709999957	138.59	
8.87106709999957	138.55	
8.88106709999957	138.52	
8.89106709999957	138.49	
8.90106709999957	138.45	
8.91106709999957	138.44	
8.92106709999957	138.44	
8.93106709999957	138.43	
8.94106709999957	138.43	
8.95106709999957	138.42	
8.96106709999957	138.42	
8.97106709999957	138.41	
8.98106709999957	138.41	
8.99106709999957	138.40	
9.00106709999957	138.40	
9.01106709999956	138.39	
9.02106709999956	138.38	
9.03106709999956	138.37	
9.04106709999956	138.36	
9.05106709999956	138.34	
9.06106709999956	138.33	
9.07106709999956	138.32	
9.08106709999956	138.31	
9.09106709999956	138.30	
9.10106709999956	138.28	
9.11106709999956	138.27	
9.12106709999956	138.26	
9.13106709999956	138.23	
9.14106709999956	138.20	
9.15106709999956	138.16	
9.16106709999956	138.13	
9.17106709999956	138.10	
9.18106709999956	138.06	
9.19106709999956	138.03	
9.20106709999956	138.00	
9.21106709999956	137.96	
9.22106709999956	137.93	
9.23106709999956	137.90	
9.24106709999956	137.87	
9.25106709999956	137.85	
9.26106709999956	137.83	
9.27106709999956	137.80	
9.28106709999956	137.78	
9.29106709999956	137.76	
9.30106709999956	137.73	
9.31106709999956	137.71	
9.32106709999956	137.69	
9.33106709999956	137.67	
9.34106709999956	137.64	
9.35106709999956	137.61	
9.36106709999956	137.58	
9.37106709999956	137.55	
9.38106709999956	137.52	
9.39106709999956	137.49	
9.40106709999956	137.46	
9.41106709999956	137.43	
9.42106709999956	137.40	