Delivery System	U03	
Energy	6 MV	
Scan Type	Profile at Angle	
Depth	5.00	
Field	40cm x 40cm (Jaws)	
Wedge	Open Field	
Comments		

	5.00 cm : ScanId=36	
-31.3453368940262		
-31.3153368940262	3.86	
-31.2853368940262	3.85	
-31.2553368940262	3.85	
-31.2253368940262	3.85	
-31.1953368940262	3.89	
-31.1653368940262	3.92	
-31.1353368940262	3.96	
-31.1053368940262	3.99	
-31.0753368940262	4.02	
-31.0453368940262	4.04	
-31.0153368940262	4.06	
-30.9853368940262	4.08	
-30.9553368940262	4.11	
-30.9253368940262	4.14	
-30.8953368940262	4.18	
-30.8653368940262	4.21	
-30.8353368940262	4.25	
-30.8053368940262	4.27	
-30.7753368940262	4.29	
-30.7453368940262	4.31	
-30.7153368940262	4.33	
-30.6853368940262	4.35	
-30.6553368940262	4.39	
-30.6253368940262	4.42	
-30.5953368940262	4.45	
-30.5653368940262	4.48	
-30.5353368940262	4.51	
-30.5053368940262	4.54	
-30.4753368940262	4.57	
-30.4453368940262	4.60	
-30.4153368940262	4.63	
-30.3853368940262	4.66	
-30.3553368940262	4.69	
-30.3253368940262	4.71	
-30.2953368940262	4.74	
-30.2653368940262	4.77	
-30.2353368940262	4.80	
-30.2053368940262	4.84	
-30.1753368940262	4.87	
-30.1453368940262	4.89	
-30.1153368940262	4.92	
-30.0853368940261	4.95	
-30.0553368940261	4.97	
-30.0253368940261	5.00	
-29.9953368940261	5.02	
-29.9653368940261	5.04	
-29.9353368940261	5.07	
-29.9053368940261	5.09	
-29.8753368940261	5.13	
-29.8453368940261	5.16	
-29.8153368940261	5.20	
-29.7853368940261	5.24	
-29.7553368940261	5.28	
-29.7253368940261	5.32	
-29.6953368940261	5.37	
-29.6653368940261	5.41	
-29.6353368940261	5.46	
-29.6053368940261	5.49	
-29.5753368940261	5.53	
-29.5453368940261	5.57	
-29.5153368940261	5.60	
-29.4853368940261	5.63	
-29.4553368940261	5.66	
-29.4253368940261	5.69	
-29.3953368940261	5.71	
-29.3653368940261	5.75	
-29.3353368940261	5.80	
-29.3053368940261	5.85	
-29.2753368940261	5.90	
-29.2453368940261	5.95	
-29.2153368940261	5.99	
-29.1853368940261	6.03	
-29.1553368940261	6.07	
-29.1253368940261	6.11	
-29.0953368940261	6.15	
-29.0653368940261	6.19	
-29.0353368940261	6.23	
-29.0053368940261	6.27	
-28.9753368940261	6.31	
-28.9453368940261	6.36	
-28.9153368940261	6.41	
-28.8853368940261	6.46	
-28.8553368940261	6.51	
-28.8253368940261	6.58	
-28.7953368940261	6.65	
-28.7653368940261	6.72	
-28.7353368940261	6.78	
-28.7053368940261	6.84	
-28.6753368940261	6.89	
-28.6453368940261	6.93	
-28.6153368940261	6.98	
-28.5853368940261	7.02	
-28.5553368940261	7.08	
-28.5253368940261	7.14	
-28.4953368940261	7.20	
-28.4653368940261	7.26	
-28.4353368940261	7.33	
-28.4053368940261	7.40	
-28.3753368940261	7.48	
-28.3453368940261	7.55	
-28.3153368940261	7.63	
-28.2853368940261	7.72	
-28.2553368940261	7.81	
-28.2253368940261	7.90	
-28.1953368940261	7.99	
-28.1653368940261	8.08	
-28.1353368940261	8.17	
-28.1053368940261	8.25	
-28.0753368940261	8.34	
-28.0453368940261	8.44	
-28.0153368940261	8.55	
-27.9853368940261	8.67	
-27.9553368940261	8.79	
-27.9253368940261	8.91	
-27.8953368940261	9.05	
-27.8653368940261	9.18	
-27.8353368940261	9.32	
-27.8053368940261	9.45	
-27.7753368940261	9.59	
-27.7453368940261	9.72	
-27.7153368940261	9.85	
-27.6853368940261	9.98	
-27.6553368940261	10.11	
-27.6253368940261	10.29	
-27.5953368940261	10.47	
-27.5653368940261	10.65	
-27.5353368940261	10.83	
-27.5053368940261	11.03	
-27.4753368940261	11.24	
-27.445336894026	11.46	
-27.415336894026	11.67	
-27.385336894026	11.89	
-27.355336894026	12.15	
-27.325336894026	12.40	
-27.295336894026	12.66	
-27.265336894026	12.92	
-27.235336894026	13.27	
-27.205336894026	13.65	
-27.175336894026	14.04	
-27.145336894026	14.42	
-27.115336894026	14.85	
-27.085336894026	15.35	
-27.055336894026	15.86	
-27.025336894026	16.37	
-26.995336894026	16.88	
-26.965336894026	17.59	
-26.935336894026	18.32	
-26.905336894026	19.05	
-26.875336894026	19.78	
-26.845336894026	20.71	
-26.815336894026	21.84	
-26.785336894026	22.96	
-26.755336894026	24.09	
-26.725336894026	25.25	
-26.695336894026	26.71	
-26.665336894026	28.17	
-26.635336894026	29.63	
-26.605336894026	31.09	
-26.575336894026	32.63	
-26.545336894026	34.23	
-26.515336894026	35.82	
-26.485336894026	37.42	
-26.455336894026	39.03	
-26.425336894026	40.66	
-26.395336894026	42.30	
-26.365336894026	43.94	
-26.335336894026	45.58	
-26.305336894026	47.05	
-26.275336894026	48.50	
-26.245336894026	49.95	
-26.215336894026	51.39	
-26.185336894026	52.76	
-26.155336894026	54.02	
-26.125336894026	55.29	
-26.095336894026	56.55	
-26.065336894026	57.81	
-26.035336894026	58.66	
-26.005336894026	59.52	
-25.975336894026	60.37	
-25.945336894026	61.22	
-25.915336894026	61.95	
-25.885336894026	62.61	
-25.855336894026	63.26	
-25.825336894026	63.91	
-25.795336894026	64.55	
-25.765336894026	65.10	
-25.735336894026	65.66	
-25.705336894026	66.21	
-25.675336894026	66.77	
-25.645336894026	67.31	
-25.615336894026	67.84	
-25.585336894026	68.37	
-25.555336894026	68.90	
-25.525336894026	69.40	
-25.495336894026	69.84	
-25.465336894026	70.27	
-25.435336894026	70.71	
-25.405336894026	71.14	
-25.375336894026	71.62	
-25.345336894026	72.10	
-25.315336894026	72.58	
-25.285336894026	73.06	
-25.255336894026	73.55	
-25.225336894026	74.05	
-25.195336894026	74.56	
-25.165336894026	75.06	
-25.135336894026	75.56	
-25.105336894026	76.00	
-25.075336894026	76.43	
-25.045336894026	76.87	
-25.015336894026	77.31	
-24.985336894026	77.71	
-24.955336894026	78.11	
-24.925336894026	78.50	
-24.895336894026	78.89	
-24.865336894026	79.30	
-24.835336894026	79.76	
-24.8053368940259	80.22	
-24.7753368940259	80.68	
-24.7453368940259	81.15	
-24.7153368940259	81.55	
-24.6853368940259	81.93	
-24.6553368940259	82.31	
-24.6253368940259	82.69	
-24.5953368940259	83.05	
-24.5653368940259	83.38	
-24.5353368940259	83.71	
-24.5053368940259	84.04	
-24.4753368940259	84.36	
-24.4453368940259	84.63	
-24.4153368940259	84.89	
-24.3853368940259	85.15	
-24.3553368940259	85.41	
-24.3253368940259	85.64	
-24.2953368940259	85.85	
-24.2653368940259	86.06	
-24.2353368940259	86.27	
-24.2053368940259	86.48	
-24.1753368940259	86.67	
-24.1453368940259	86.85	
-24.1153368940259	87.04	
-24.0853368940259	87.23	
-24.0553368940259	87.43	
-24.0253368940259	87.64	
-23.9953368940259	87.85	
-23.9653368940259	88.05	
-23.9353368940259	88.25	
-23.9053368940259	88.43	
-23.8753368940259	88.61	
-23.8453368940259	88.79	
-23.8153368940259	88.97	
-23.7853368940259	89.06	
-23.7553368940259	89.14	
-23.7253368940259	89.22	
-23.6953368940259	89.29	
-23.6653368940259	89.37	
-23.6353368940259	89.46	
-23.6053368940259	89.54	
-23.5753368940259	89.62	
-23.5453368940259	89.70	
-23.5153368940259	89.86	
-23.4853368940259	90.01	
-23.4553368940259	90.17	
-23.4253368940259	90.33	
-23.3953368940259	90.45	
-23.3653368940259	90.54	
-23.3353368940259	90.64	
-23.3053368940259	90.73	
-23.2753368940259	90.82	
-23.2453368940259	90.86	
-23.2153368940259	90.90	
-23.1853368940259	90.94	
-23.1553368940259	90.98	
-23.1253368940259	91.04	
-23.0953368940259	91.10	
-23.0653368940259	91.16	
-23.0353368940259	91.22	
-23.0053368940259	91.30	
-22.9753368940259	91.39	
-22.9453368940259	91.49	
-22.9153368940259	91.58	
-22.8853368940259	91.67	
-22.8553368940259	91.64	
-22.8253368940259	91.60	
-22.7953368940259	91.56	
-22.7653368940259	91.52	
-22.7353368940259	91.51	
-22.7053368940259	91.53	
-22.6753368940259	91.56	
-22.6453368940259	91.58	
-22.6153368940259	91.60	
-22.5853368940259	91.60	
-22.5553368940259	91.60	
-22.5253368940259	91.61	
-22.4953368940259	91.61	
-22.4653368940259	91.59	
-22.4353368940259	91.55	
-22.4053368940259	91.52	
-22.3753368940259	91.49	
-22.3453368940259	91.45	
-22.3153368940259	91.40	
-22.2853368940259	91.35	
-22.2553368940259	91.30	
-22.2253368940259	91.25	
-22.1953368940259	91.21	
-22.1653368940258	91.16	
-22.1353368940258	91.11	
-22.1053368940258	91.07	
-22.0753368940258	91.02	
-22.0453368940258	90.97	
-22.0153368940258	90.92	
-21.9853368940258	90.86	
-21.9553368940258	90.81	
-21.9253368940258	90.72	
-21.8953368940258	90.63	
-21.8653368940258	90.55	
-21.8353368940258	90.46	
-21.8053368940258	90.37	
-21.7753368940258	90.28	
-21.7453368940258	90.19	
-21.7153368940258	90.09	
-21.6853368940258	90.02	
-21.6553368940258	89.99	
-21.6253368940258	89.97	
-21.5953368940258	89.94	
-21.5653368940258	89.92	
-21.5353368940258	89.86	
-21.5053368940258	89.79	
-21.4753368940258	89.72	
-21.4453368940258	89.65	
-21.4153368940258	89.58	
-21.3853368940258	89.51	
-21.3553368940258	89.44	
-21.3253368940258	89.37	
-21.2953368940258	89.29	
-21.2653368940258	89.22	
-21.2353368940258	89.16	
-21.2053368940258	89.09	
-21.1753368940258	89.02	
-21.1453368940258	88.98	
-21.1153368940258	88.97	
-21.0853368940258	88.96	
-21.0553368940258	88.95	
-21.0253368940258	88.94	
-20.9953368940258	88.89	
-20.9653368940258	88.83	
-20.9353368940258	88.78	
-20.9053368940258	88.73	
-20.8753368940258	88.72	
-20.8453368940258	88.72	
-20.8153368940258	88.73	
-20.7853368940258	88.74	
-20.7553368940258	88.75	
-20.7253368940258	88.79	
-20.6953368940258	88.84	
-20.6653368940258	88.88	
-20.6353368940258	88.92	
-20.6053368940258	88.86	
-20.5753368940258	88.78	
-20.5453368940258	88.70	
-20.5153368940258	88.62	
-20.4853368940258	88.59	
-20.4553368940258	88.63	
-20.4253368940258	88.67	
-20.3953368940258	88.71	
-20.3653368940258	88.74	
-20.3353368940258	88.72	
-20.3053368940258	88.70	
-20.2753368940258	88.68	
-20.2453368940258	88.66	
-20.2153368940258	88.64	
-20.1853368940258	88.62	
-20.1553368940258	88.59	
-20.1253368940258	88.57	
-20.0953368940258	88.56	
-20.0653368940258	88.61	
-20.0353368940258	88.66	
-20.0053368940258	88.71	
-19.9753368940258	88.76	
-19.9453368940258	88.75	
-19.9153368940258	88.73	
-19.8853368940258	88.70	
-19.8553368940258	88.67	
-19.8253368940258	88.65	
-19.7953368940258	88.64	
-19.7653368940258	88.63	
-19.7353368940258	88.62	
-19.7053368940258	88.61	
-19.6753368940258	88.63	
-19.6453368940258	88.64	
-19.6153368940258	88.65	
-19.5853368940258	88.67	
-19.5553368940258	88.66	
-19.5253368940257	88.64	
-19.4953368940257	88.63	
-19.4653368940257	88.61	
-19.4353368940257	88.59	
-19.4053368940257	88.60	
-19.3753368940257	88.61	
-19.3453368940257	88.62	
-19.3153368940257	88.62	
-19.2853368940257	88.63	
-19.2553368940257	88.64	
-19.2253368940257	88.65	
-19.1953368940257	88.66	
-19.1653368940257	88.66	
-19.1353368940257	88.64	
-19.1053368940257	88.61	
-19.0753368940257	88.58	
-19.0453368940257	88.56	
-19.0153368940257	88.56	
-18.9853368940257	88.57	
-18.9553368940257	88.58	
-18.9253368940257	88.59	
-18.8953368940257	88.59	
-18.8653368940257	88.59	
-18.8353368940257	88.59	
-18.8053368940257	88.59	
-18.7753368940257	88.59	
-18.7453368940257	88.60	
-18.7153368940257	88.60	
-18.6853368940257	88.60	
-18.6553368940257	88.60	
-18.6253368940257	88.60	
-18.5953368940257	88.61	
-18.5653368940257	88.62	
-18.5353368940257	88.63	
-18.5053368940257	88.63	
-18.4753368940257	88.64	
-18.4453368940257	88.65	
-18.4153368940257	88.65	
-18.3853368940257	88.66	
-18.3553368940257	88.64	
-18.3253368940257	88.63	
-18.2953368940257	88.61	
-18.2653368940257	88.59	
-18.2353368940257	88.57	
-18.2053368940257	88.56	
-18.1753368940257	88.54	
-18.1453368940257	88.52	
-18.1153368940257	88.51	
-18.0853368940257	88.49	
-18.0553368940257	88.48	
-18.0253368940257	88.46	
-17.9953368940257	88.44	
-17.9653368940257	88.45	
-17.9353368940257	88.48	
-17.9053368940257	88.50	
-17.8753368940257	88.53	
-17.8453368940257	88.56	
-17.8153368940257	88.58	
-17.7853368940257	88.60	
-17.7553368940257	88.61	
-17.7253368940257	88.63	
-17.6953368940257	88.64	
-17.6653368940257	88.64	
-17.6353368940257	88.64	
-17.6053368940257	88.64	
-17.5753368940257	88.65	
-17.5453368940257	88.68	
-17.5153368940257	88.70	
-17.4853368940257	88.73	
-17.4553368940257	88.75	
-17.4253368940257	88.73	
-17.3953368940257	88.70	
-17.3653368940257	88.67	
-17.3353368940257	88.64	
-17.3053368940257	88.63	
-17.2753368940257	88.66	
-17.2453368940257	88.69	
-17.2153368940257	88.71	
-17.1853368940257	88.74	
-17.1553368940257	88.76	
-17.1253368940257	88.79	
-17.0953368940257	88.82	
-17.0653368940257	88.85	
-17.0353368940257	88.83	
-17.0053368940257	88.77	
-16.9753368940257	88.71	
-16.9453368940257	88.66	
-16.9153368940257	88.61	
-16.8853368940256	88.63	
-16.8553368940256	88.65	
-16.8253368940256	88.67	
-16.7953368940256	88.69	
-16.7653368940256	88.72	
-16.7353368940256	88.74	
-16.7053368940256	88.77	
-16.6753368940256	88.80	
-16.6453368940256	88.82	
-16.6153368940256	88.85	
-16.5853368940256	88.87	
-16.5553368940256	88.90	
-16.5253368940256	88.93	
-16.4953368940256	88.93	
-16.4653368940256	88.92	
-16.4353368940256	88.92	
-16.4053368940256	88.92	
-16.3753368940256	88.90	
-16.3453368940256	88.86	
-16.3153368940256	88.83	
-16.2853368940256	88.80	
-16.2553368940256	88.77	
-16.2253368940256	88.82	
-16.1953368940256	88.87	
-16.1653368940256	88.91	
-16.1353368940256	88.96	
-16.1053368940256	88.98	
-16.0753368940256	89.00	
-16.0453368940256	89.01	
-16.0153368940256	89.02	
-15.9853368940256	89.02	
-15.9553368940256	88.98	
-15.9253368940256	88.95	
-15.8953368940256	88.91	
-15.8653368940256	88.87	
-15.8353368940256	88.87	
-15.8053368940256	88.88	
-15.7753368940256	88.89	
-15.7453368940256	88.91	
-15.7153368940256	88.91	
-15.6853368940256	88.92	
-15.6553368940256	88.92	
-15.6253368940256	88.92	
-15.5953368940256	88.92	
-15.5653368940256	88.89	
-15.5353368940256	88.86	
-15.5053368940256	88.83	
-15.4753368940256	88.79	
-15.4453368940256	88.78	
-15.4153368940256	88.79	
-15.3853368940256	88.79	
-15.3553368940256	88.80	
-15.3253368940256	88.80	
-15.2953368940256	88.78	
-15.2653368940256	88.76	
-15.2353368940256	88.74	
-15.2053368940256	88.72	
-15.1753368940256	88.68	
-15.1453368940256	88.64	
-15.1153368940256	88.60	
-15.0853368940256	88.56	
-15.0553368940256	88.54	
-15.0253368940256	88.57	
-14.9953368940256	88.60	
-14.9653368940256	88.63	
-14.9353368940256	88.66	
-14.9053368940256	88.66	
-14.8753368940256	88.67	
-14.8453368940256	88.67	
-14.8153368940256	88.67	
-14.7853368940256	88.66	
-14.7553368940256	88.62	
-14.7253368940256	88.59	
-14.6953368940256	88.55	
-14.6653368940256	88.52	
-14.6353368940256	88.52	
-14.6053368940256	88.53	
-14.5753368940256	88.53	
-14.5453368940256	88.53	
-14.5153368940256	88.52	
-14.4853368940256	88.51	
-14.4553368940256	88.49	
-14.4253368940256	88.47	
-14.3953368940257	88.46	
-14.3653368940257	88.45	
-14.3353368940257	88.44	
-14.3053368940257	88.44	
-14.2753368940257	88.43	
-14.2453368940257	88.44	
-14.2153368940257	88.45	
-14.1853368940257	88.47	
-14.1553368940257	88.48	
-14.1253368940257	88.49	
-14.0953368940257	88.47	
-14.0653368940257	88.46	
-14.0353368940257	88.44	
-14.0053368940257	88.43	
-13.9753368940257	88.41	
-13.9453368940257	88.40	
-13.9153368940257	88.38	
-13.8853368940257	88.36	
-13.8553368940257	88.34	
-13.8253368940257	88.31	
-13.7953368940257	88.28	
-13.7653368940257	88.25	
-13.7353368940257	88.22	
-13.7053368940257	88.17	
-13.6753368940257	88.12	
-13.6453368940257	88.07	
-13.6153368940257	88.03	
-13.5853368940257	88.02	
-13.5553368940257	88.02	
-13.5253368940257	88.03	
-13.4953368940257	88.03	
-13.4653368940257	88.04	
-13.4353368940257	88.06	
-13.4053368940257	88.07	
-13.3753368940257	88.08	
-13.3453368940257	88.10	
-13.3153368940257	88.08	
-13.2853368940257	88.07	
-13.2553368940257	88.05	
-13.2253368940257	88.03	
-13.1953368940257	88.03	
-13.1653368940257	88.05	
-13.1353368940257	88.06	
-13.1053368940257	88.07	
-13.0753368940257	88.08	
-13.0453368940257	88.08	
-13.0153368940257	88.07	
-12.9853368940257	88.06	
-12.9553368940257	88.05	
-12.9253368940257	88.07	
-12.8953368940257	88.10	
-12.8653368940257	88.13	
-12.8353368940257	88.15	
-12.8053368940257	88.17	
-12.7753368940257	88.13	
-12.7453368940257	88.10	
-12.7153368940257	88.06	
-12.6853368940257	88.03	
-12.6553368940257	87.99	
-12.6253368940257	87.96	
-12.5953368940257	87.93	
-12.5653368940257	87.89	
-12.5353368940257	87.87	
-12.5053368940257	87.85	
-12.4753368940257	87.84	
-12.4453368940257	87.82	
-12.4153368940257	87.81	
-12.3853368940257	87.84	
-12.3553368940257	87.87	
-12.3253368940257	87.90	
-12.2953368940257	87.94	
-12.2653368940257	87.92	
-12.2353368940257	87.87	
-12.2053368940257	87.81	
-12.1753368940257	87.76	
-12.1453368940257	87.72	
-12.1153368940257	87.78	
-12.0853368940257	87.83	
-12.0553368940257	87.89	
-12.0253368940257	87.94	
-11.9953368940257	87.90	
-11.9653368940257	87.83	
-11.9353368940257	87.76	
-11.9053368940257	87.69	
-11.8753368940257	87.65	
-11.8453368940257	87.69	
-11.8153368940257	87.72	
-11.7853368940257	87.76	
-11.7553368940257	87.79	
-11.7253368940257	87.80	
-11.6953368940257	87.79	
-11.6653368940257	87.79	
-11.6353368940257	87.79	
-11.6053368940257	87.78	
-11.5753368940257	87.76	
-11.5453368940257	87.75	
-11.5153368940257	87.73	
-11.4853368940257	87.71	
-11.4553368940257	87.72	
-11.4253368940257	87.74	
-11.3953368940257	87.75	
-11.3653368940257	87.76	
-11.3353368940257	87.73	
-11.3053368940257	87.67	
-11.2753368940257	87.62	
-11.2453368940257	87.56	
-11.2153368940257	87.51	
-11.1853368940257	87.51	
-11.1553368940257	87.50	
-11.1253368940257	87.50	
-11.0953368940257	87.49	
-11.0653368940257	87.56	
-11.0353368940257	87.65	
-11.0053368940257	87.73	
-10.9753368940257	87.82	
-10.9453368940257	87.84	
-10.9153368940257	87.77	
-10.8853368940257	87.70	
-10.8553368940257	87.62	
-10.8253368940257	87.55	
-10.7953368940257	87.60	
-10.7653368940257	87.65	
-10.7353368940257	87.70	
-10.7053368940257	87.75	
-10.6753368940257	87.76	
-10.6453368940257	87.75	
-10.6153368940257	87.75	
-10.5853368940257	87.74	
-10.5553368940257	87.73	
-10.5253368940257	87.71	
-10.4953368940257	87.69	
-10.4653368940257	87.66	
-10.4353368940257	87.64	
-10.4053368940257	87.64	
-10.3753368940257	87.64	
-10.3453368940257	87.64	
-10.3153368940257	87.64	
-10.2853368940257	87.65	
-10.2553368940257	87.70	
-10.2253368940257	87.75	
-10.1953368940257	87.79	
-10.1653368940257	87.84	
-10.1353368940257	87.85	
-10.1053368940257	87.85	
-10.0753368940257	87.85	
-10.0453368940257	87.84	
-10.0153368940257	87.83	
-9.98533689402574	87.81	
-9.95533689402575	87.78	
-9.92533689402575	87.76	
-9.89533689402575	87.73	
-9.86533689402575	87.79	
-9.83533689402575	87.85	
-9.80533689402575	87.92	
-9.77533689402575	87.98	
-9.74533689402575	87.99	
-9.71533689402575	87.98	
-9.68533689402575	87.97	
-9.65533689402575	87.96	
-9.62533689402575	87.96	
-9.59533689402575	87.99	
-9.56533689402575	88.03	
-9.53533689402575	88.07	
-9.50533689402575	88.11	
-9.47533689402576	88.10	
-9.44533689402576	88.08	
-9.41533689402576	88.06	
-9.38533689402576	88.04	
-9.35533689402576	88.03	
-9.32533689402576	88.03	
-9.29533689402576	88.03	
-9.26533689402576	88.04	
-9.23533689402576	88.04	
-9.20533689402576	88.04	
-9.17533689402576	88.05	
-9.14533689402576	88.05	
-9.11533689402576	88.05	
-9.08533689402576	88.05	
-9.05533689402576	88.06	
-9.02533689402576	88.06	
-8.99533689402577	88.06	
-8.96533689402577	88.06	
-8.93533689402577	88.06	
-8.90533689402577	88.06	
-8.87533689402577	88.06	
-8.84533689402577	88.06	
-8.81533689402577	88.10	
-8.78533689402577	88.15	
-8.75533689402577	88.21	
-8.72533689402577	88.26	
-8.69533689402577	88.29	
-8.66533689402577	88.24	
-8.63533689402577	88.20	
-8.60533689402577	88.16	
-8.57533689402577	88.11	
-8.54533689402578	88.13	
-8.51533689402578	88.15	
-8.48533689402578	88.17	
-8.45533689402578	88.19	
-8.42533689402578	88.20	
-8.39533689402578	88.19	
-8.36533689402578	88.18	
-8.33533689402578	88.17	
-8.30533689402578	88.16	
-8.27533689402578	88.14	
-8.24533689402578	88.11	
-8.21533689402578	88.08	
-8.18533689402578	88.06	
-8.15533689402578	88.07	
-8.12533689402578	88.10	
-8.09533689402578	88.13	
-8.06533689402579	88.17	
-8.03533689402579	88.19	
-8.00533689402579	88.18	
-7.97533689402579	88.17	
-7.94533689402579	88.16	
-7.91533689402579	88.15	
-7.88533689402579	88.15	
-7.85533689402579	88.15	
-7.82533689402579	88.16	
-7.79533689402578	88.16	
-7.76533689402578	88.16	
-7.73533689402578	88.15	
-7.70533689402578	88.13	
-7.67533689402578	88.12	
-7.64533689402578	88.11	
-7.61533689402578	88.13	
-7.58533689402578	88.16	
-7.55533689402578	88.19	
-7.52533689402578	88.21	
-7.49533689402578	88.22	
-7.46533689402578	88.22	
-7.43533689402578	88.22	
-7.40533689402578	88.21	
-7.37533689402578	88.21	
-7.34533689402578	88.19	
-7.31533689402578	88.17	
-7.28533689402578	88.16	
-7.25533689402578	88.14	
-7.22533689402578	88.14	
-7.19533689402578	88.15	
-7.16533689402578	88.15	
-7.13533689402578	88.16	
-7.10533689402578	88.18	
-7.07533689402578	88.24	
-7.04533689402578	88.29	
-7.01533689402578	88.34	
-6.98533689402578	88.40	
-6.95533689402578	88.40	
-6.92533689402578	88.40	
-6.89533689402578	88.39	
-6.86533689402578	88.39	
-6.83533689402578	88.40	
-6.80533689402578	88.43	
-6.77533689402578	88.45	
-6.74533689402578	88.48	
-6.71533689402578	88.51	
-6.68533689402578	88.55	
-6.65533689402578	88.58	
-6.62533689402578	88.62	
-6.59533689402577	88.66	
-6.56533689402577	88.65	
-6.53533689402577	88.62	
-6.50533689402577	88.59	
-6.47533689402577	88.56	
-6.44533689402577	88.55	
-6.41533689402577	88.61	
-6.38533689402577	88.66	
-6.35533689402577	88.72	
-6.32533689402577	88.78	
-6.29533689402577	88.78	
-6.26533689402577	88.76	
-6.23533689402577	88.74	
-6.20533689402577	88.72	
-6.17533689402577	88.71	
-6.14533689402577	88.72	
-6.11533689402577	88.73	
-6.08533689402577	88.75	
-6.05533689402577	88.76	
-6.02533689402577	88.81	
-5.99533689402577	88.87	
-5.96533689402577	88.93	
-5.93533689402577	88.99	
-5.90533689402577	89.00	
-5.87533689402577	88.97	
-5.84533689402577	88.94	
-5.81533689402577	88.91	
-5.78533689402577	88.88	
-5.75533689402577	88.87	
-5.72533689402577	88.86	
-5.69533689402577	88.84	
-5.66533689402577	88.83	
-5.63533689402577	88.85	
-5.60533689402577	88.89	
-5.57533689402577	88.93	
-5.54533689402577	88.97	
-5.51533689402577	88.98	
-5.48533689402577	88.92	
-5.45533689402577	88.86	
-5.42533689402577	88.80	
-5.39533689402576	88.73	
-5.36533689402576	88.75	
-5.33533689402576	88.79	
-5.30533689402576	88.82	
-5.27533689402576	88.86	
-5.24533689402576	88.87	
-5.21533689402576	88.84	
-5.18533689402576	88.81	
-5.15533689402576	88.79	
-5.12533689402576	88.76	
-5.09533689402576	88.77	
-5.06533689402576	88.77	
-5.03533689402576	88.78	
-5.00533689402576	88.79	
-4.97533689402576	88.78	
-4.94533689402576	88.75	
-4.91533689402576	88.73	
-4.88533689402576	88.71	
-4.85533689402576	88.70	
-4.82533689402576	88.73	
-4.79533689402576	88.75	
-4.76533689402576	88.78	
-4.73533689402576	88.81	
-4.70533689402576	88.80	
-4.67533689402576	88.78	
-4.64533689402576	88.76	
-4.61533689402576	88.74	
-4.58533689402576	88.74	
-4.55533689402576	88.78	
-4.52533689402576	88.82	
-4.49533689402576	88.87	
-4.46533689402576	88.91	
-4.43533689402576	88.90	
-4.40533689402576	88.88	
-4.37533689402576	88.87	
-4.34533689402576	88.86	
-4.31533689402576	88.85	
-4.28533689402576	88.85	
-4.25533689402576	88.86	
-4.22533689402576	88.86	
-4.19533689402575	88.86	
-4.16533689402575	88.86	
-4.13533689402575	88.87	
-4.10533689402575	88.87	
-4.07533689402575	88.87	
-4.04533689402575	88.87	
-4.01533689402575	88.86	
-3.98533689402575	88.85	
-3.95533689402575	88.85	
-3.92533689402575	88.84	
-3.89533689402575	88.84	
-3.86533689402575	88.84	
-3.83533689402575	88.84	
-3.80533689402575	88.84	
-3.77533689402576	88.82	
-3.74533689402576	88.79	
-3.71533689402576	88.76	
-3.68533689402576	88.73	
-3.65533689402576	88.72	
-3.62533689402576	88.71	
-3.59533689402576	88.71	
-3.56533689402576	88.71	
-3.53533689402576	88.70	
-3.50533689402576	88.73	
-3.47533689402576	88.75	
-3.44533689402576	88.77	
-3.41533689402576	88.79	
-3.38533689402576	88.81	
-3.35533689402576	88.82	
-3.32533689402576	88.83	
-3.29533689402576	88.83	
-3.26533689402576	88.84	
-3.23533689402576	88.81	
-3.20533689402576	88.78	
-3.17533689402576	88.75	
-3.14533689402576	88.72	
-3.11533689402576	88.73	
-3.08533689402576	88.76	
-3.05533689402576	88.79	
-3.02533689402576	88.81	
-2.99533689402576	88.82	
-2.96533689402576	88.80	
-2.93533689402576	88.77	
-2.90533689402576	88.74	
-2.87533689402576	88.71	
-2.84533689402576	88.71	
-2.81533689402576	88.70	
-2.78533689402576	88.70	
-2.75533689402576	88.69	
-2.72533689402576	88.68	
-2.69533689402576	88.67	
-2.66533689402576	88.66	
-2.63533689402576	88.65	
-2.60533689402576	88.64	
-2.57533689402576	88.63	
-2.54533689402576	88.61	
-2.51533689402576	88.60	
-2.48533689402576	88.58	
-2.45533689402576	88.57	
-2.42533689402576	88.56	
-2.39533689402576	88.56	
-2.36533689402576	88.55	
-2.33533689402576	88.55	
-2.30533689402576	88.58	
-2.27533689402576	88.61	
-2.24533689402577	88.64	
-2.21533689402577	88.66	
-2.18533689402577	88.65	
-2.15533689402577	88.63	
-2.12533689402577	88.61	
-2.09533689402577	88.59	
-2.06533689402577	88.59	
-2.03533689402577	88.63	
-2.00533689402577	88.67	
-1.97533689402577	88.71	
-1.94533689402577	88.74	
-1.91533689402577	88.70	
-1.88533689402577	88.66	
-1.85533689402577	88.62	
-1.82533689402577	88.58	
-1.79533689402577	88.56	
-1.76533689402577	88.55	
-1.73533689402577	88.54	
-1.70533689402577	88.53	
-1.67533689402577	88.52	
-1.64533689402577	88.55	
-1.61533689402577	88.58	
-1.58533689402577	88.61	
-1.55533689402577	88.64	
-1.52533689402577	88.65	
-1.49533689402577	88.66	
-1.46533689402577	88.68	
-1.43533689402577	88.69	
-1.40533689402577	88.68	
-1.37533689402577	88.65	
-1.34533689402577	88.62	
-1.31533689402577	88.59	
-1.28533689402577	88.55	
-1.25533689402577	88.58	
-1.22533689402577	88.61	
-1.19533689402577	88.64	
-1.16533689402577	88.68	
-1.13533689402577	88.69	
-1.10533689402577	88.69	
-1.07533689402577	88.69	
-1.04533689402577	88.69	
-1.01533689402577	88.69	
-0.985336894025766	88.68	
-0.955336894025766	88.67	
-0.925336894025766	88.67	
-0.895336894025766	88.66	
-0.865336894025766	88.63	
-0.835336894025766	88.59	
-0.805336894025765	88.54	
-0.775336894025765	88.50	
-0.745336894025765	88.47	
-0.715336894025765	88.48	
-0.685336894025765	88.50	
-0.655336894025765	88.51	
-0.625336894025765	88.53	
-0.595336894025765	88.51	
-0.565336894025765	88.49	
-0.535336894025765	88.47	
-0.505336894025765	88.45	
-0.475336894025765	88.42	
-0.445336894025765	88.37	
-0.415336894025765	88.31	
-0.385336894025765	88.26	
-0.355336894025765	88.20	
-0.325336894025765	88.19	
-0.295336894025765	88.17	
-0.265336894025765	88.15	
-0.235336894025765	88.13	
-0.205336894025765	88.16	
-0.175336894025765	88.21	
-0.145336894025765	88.26	
-0.115336894025765	88.31	
-0.085336894025765	88.34	
-0.055336894025765	88.26	
-0.025336894025765	88.18	
0.004663105974235	88.09	
0.034663105974235	88.20	
0.064663105974235	88.24	
0.094663105974235	88.27	
0.124663105974235	88.31	
0.154663105974235	88.34	
0.184663105974235	88.33	
0.214663105974235	88.30	
0.244663105974235	88.26	
0.274663105974235	88.23	
0.304663105974235	88.21	
0.334663105974235	88.25	
0.364663105974235	88.29	
0.394663105974235	88.33	
0.424663105974235	88.37	
0.454663105974235	88.43	
0.484663105974235	88.50	
0.514663105974235	88.56	
0.544663105974235	88.63	
0.574663105974235	88.64	
0.604663105974235	88.56	
0.634663105974235	88.49	
0.664663105974235	88.42	
0.694663105974235	88.34	
0.724663105974235	88.37	
0.754663105974235	88.40	
0.784663105974235	88.43	
0.814663105974235	88.46	
0.844663105974235	88.51	
0.874663105974235	88.57	
0.904663105974235	88.63	
0.934663105974236	88.70	
0.964663105974236	88.76	
0.994663105974236	88.79	
1.02466310597424	88.83	
1.05466310597424	88.87	
1.08466310597424	88.91	
1.11466310597424	88.88	
1.14466310597424	88.82	
1.17466310597424	88.76	
1.20466310597424	88.71	
1.23466310597424	88.69	
1.26466310597424	88.77	
1.29466310597424	88.85	
1.32466310597424	88.93	
1.35466310597424	89.01	
1.38466310597424	88.97	
1.41466310597424	88.90	
1.44466310597424	88.84	
1.47466310597424	88.77	
1.50466310597424	88.75	
1.53466310597424	88.78	
1.56466310597424	88.81	
1.59466310597424	88.84	
1.62466310597424	88.86	
1.65466310597424	88.84	
1.68466310597424	88.81	
1.71466310597424	88.79	
1.74466310597424	88.76	
1.77466310597424	88.77	
1.80466310597424	88.80	
1.83466310597424	88.84	
1.86466310597424	88.87	
1.89466310597424	88.88	
1.92466310597424	88.82	
1.95466310597424	88.77	
1.98466310597424	88.71	
2.01466310597424	88.65	
2.04466310597424	88.64	
2.07466310597424	88.65	
2.10466310597424	88.65	
2.13466310597424	88.65	
2.16466310597424	88.65	
2.19466310597424	88.62	
2.22466310597423	88.59	
2.25466310597423	88.57	
2.28466310597423	88.54	
2.31466310597423	88.61	
2.34466310597423	88.67	
2.37466310597423	88.73	
2.40466310597423	88.80	
2.43466310597423	88.83	
2.46466310597423	88.85	
2.49466310597423	88.87	
2.52466310597423	88.88	
2.55466310597423	88.89	
2.58466310597423	88.86	
2.61466310597423	88.82	
2.64466310597423	88.78	
2.67466310597423	88.75	
2.70466310597423	88.75	
2.73466310597423	88.75	
2.76466310597423	88.76	
2.79466310597423	88.77	
2.82466310597423	88.77	
2.85466310597423	88.75	
2.88466310597423	88.73	
2.91466310597423	88.72	
2.94466310597423	88.70	
2.97466310597423	88.71	
3.00466310597423	88.73	
3.03466310597423	88.75	
3.06466310597423	88.77	
3.09466310597423	88.80	
3.12466310597423	88.83	
3.15466310597423	88.87	
3.18466310597423	88.90	
3.21466310597423	88.93	
3.24466310597423	88.91	
3.27466310597423	88.89	
3.30466310597423	88.87	
3.33466310597423	88.86	
3.36466310597423	88.86	
3.39466310597423	88.88	
3.42466310597423	88.90	
3.45466310597423	88.91	
3.48466310597423	88.92	
3.51466310597423	88.88	
3.54466310597423	88.84	
3.57466310597423	88.81	
3.60466310597423	88.77	
3.63466310597423	88.77	
3.66466310597423	88.78	
3.69466310597423	88.80	
3.72466310597423	88.81	
3.75466310597422	88.83	
3.78466310597422	88.88	
3.81466310597422	88.93	
3.84466310597422	88.99	
3.87466310597422	89.04	
3.90466310597422	89.02	
3.93466310597422	89.01	
3.96466310597422	88.99	
3.99466310597422	88.98	
4.02466310597422	88.93	
4.05466310597422	88.87	
4.08466310597422	88.80	
4.11466310597422	88.73	
4.14466310597422	88.68	
4.17466310597422	88.68	
4.20466310597423	88.69	
4.23466310597423	88.70	
4.26466310597423	88.71	
4.29466310597423	88.76	
4.32466310597423	88.83	
4.35466310597423	88.90	
4.38466310597423	88.97	
4.41466310597423	89.00	
4.44466310597423	88.92	
4.47466310597423	88.85	
4.50466310597423	88.78	
4.53466310597423	88.71	
4.56466310597423	88.71	
4.59466310597423	88.72	
4.62466310597423	88.72	
4.65466310597423	88.73	
4.68466310597423	88.74	
4.71466310597423	88.73	
4.74466310597423	88.73	
4.77466310597423	88.73	
4.80466310597423	88.72	
4.83466310597423	88.74	
4.86466310597423	88.75	
4.89466310597423	88.77	
4.92466310597423	88.78	
4.95466310597423	88.76	
4.98466310597423	88.71	
5.01466310597423	88.66	
5.04466310597423	88.62	
5.07466310597423	88.58	
5.10466310597423	88.58	
5.13466310597423	88.59	
5.16466310597423	88.59	
5.19466310597423	88.59	
5.22466310597423	88.64	
5.25466310597423	88.69	
5.28466310597423	88.75	
5.31466310597423	88.80	
5.34466310597423	88.82	
5.37466310597423	88.77	
5.40466310597423	88.72	
5.43466310597424	88.68	
5.46466310597424	88.63	
5.49466310597424	88.61	
5.52466310597424	88.59	
5.55466310597424	88.57	
5.58466310597424	88.55	
5.61466310597424	88.57	
5.64466310597424	88.63	
5.67466310597424	88.69	
5.70466310597424	88.74	
5.73466310597424	88.79	
5.76466310597424	88.81	
5.79466310597424	88.83	
5.82466310597424	88.85	
5.85466310597424	88.86	
5.88466310597424	88.82	
5.91466310597424	88.76	
5.94466310597424	88.70	
5.97466310597424	88.64	
6.00466310597424	88.60	
6.03466310597424	88.61	
6.06466310597424	88.62	
6.09466310597424	88.63	
6.12466310597424	88.64	
6.15466310597424	88.64	
6.18466310597424	88.63	
6.21466310597424	88.62	
6.24466310597424	88.62	
6.27466310597424	88.62	
6.30466310597424	88.64	
6.33466310597424	88.67	
6.36466310597424	88.69	
6.39466310597424	88.70	
6.42466310597424	88.69	
6.45466310597424	88.68	
6.48466310597424	88.67	
6.51466310597424	88.66	
6.54466310597424	88.61	
6.57466310597424	88.54	
6.60466310597424	88.47	
6.63466310597425	88.40	
6.66466310597425	88.34	
6.69466310597425	88.33	
6.72466310597425	88.32	
6.75466310597425	88.31	
6.78466310597425	88.31	
6.81466310597425	88.34	
6.84466310597425	88.37	
6.87466310597425	88.41	
6.90466310597425	88.45	
6.93466310597425	88.45	
6.96466310597425	88.38	
6.99466310597425	88.32	
7.02466310597425	88.25	
7.05466310597425	88.18	
7.08466310597425	88.18	
7.11466310597425	88.18	
7.14466310597425	88.18	
7.17466310597425	88.19	
7.20466310597425	88.15	
7.23466310597425	88.09	
7.26466310597425	88.03	
7.29466310597425	87.97	
7.32466310597425	87.93	
7.35466310597425	87.97	
7.38466310597425	88.02	
7.41466310597425	88.06	
7.44466310597425	88.11	
7.47466310597425	88.14	
7.50466310597425	88.17	
7.53466310597425	88.19	
7.56466310597425	88.22	
7.59466310597425	88.23	
7.62466310597425	88.19	
7.65466310597425	88.16	
7.68466310597425	88.13	
7.71466310597425	88.09	
7.74466310597425	88.11	
7.77466310597425	88.12	
7.80466310597425	88.14	
7.83466310597426	88.15	
7.86466310597426	88.16	
7.89466310597426	88.17	
7.92466310597426	88.18	
7.95466310597426	88.18	
7.98466310597426	88.19	
8.01466310597426	88.23	
8.04466310597426	88.26	
8.07466310597425	88.29	
8.10466310597425	88.33	
8.13466310597425	88.29	
8.16466310597425	88.23	
8.19466310597425	88.16	
8.22466310597425	88.09	
8.25466310597425	88.04	
8.28466310597425	88.07	
8.31466310597425	88.09	
8.34466310597425	88.12	
8.37466310597425	88.14	
8.40466310597425	88.09	
8.43466310597425	88.03	
8.46466310597425	87.96	
8.49466310597425	87.90	
8.52466310597424	87.89	
8.55466310597424	87.95	
8.58466310597424	88.02	
8.61466310597424	88.09	
8.64466310597424	88.15	
8.67466310597424	88.11	
8.70466310597424	88.07	
8.73466310597424	88.03	
8.76466310597424	87.99	
8.79466310597424	87.99	
8.82466310597424	88.02	
8.85466310597424	88.06	
8.88466310597424	88.09	
8.91466310597424	88.11	
8.94466310597424	88.09	
8.97466310597424	88.06	
9.00466310597423	88.04	
9.03466310597423	88.01	
9.06466310597423	88.00	
9.09466310597423	87.99	
9.12466310597423	87.98	
9.15466310597423	87.97	
9.18466310597423	87.96	
9.21466310597423	87.93	
9.24466310597423	87.91	
9.27466310597423	87.88	
9.30466310597423	87.85	
9.33466310597423	87.89	
9.36466310597423	87.94	
9.39466310597423	87.98	
9.42466310597423	88.03	
9.45466310597423	88.02	
9.48466310597422	87.95	
9.51466310597422	87.89	
9.54466310597422	87.82	
9.57466310597422	87.77	
9.60466310597422	87.80	
9.63466310597422	87.84	
9.66466310597422	87.88	
9.69466310597422	87.92	
9.72466310597422	87.91	
9.75466310597422	87.87	
9.78466310597422	87.84	
9.81466310597422	87.81	
9.84466310597422	87.77	
9.87466310597422	87.74	
9.90466310597422	87.70	
9.93466310597421	87.67	
9.96466310597421	87.63	
9.99466310597421	87.65	
10.0246631059742	87.69	
10.0546631059742	87.72	
10.0846631059742	87.76	
10.1146631059742	87.77	
10.1446631059742	87.74	
10.1746631059742	87.71	
10.2046631059742	87.69	
10.2346631059742	87.66	
10.2646631059742	87.69	
10.2946631059742	87.72	
10.3246631059742	87.76	
10.3546631059742	87.79	
10.3846631059742	87.78	
10.4146631059742	87.74	
10.4446631059742	87.70	
10.4746631059742	87.65	
10.5046631059742	87.62	
10.5346631059742	87.60	
10.5646631059742	87.59	
10.5946631059742	87.58	
10.6246631059742	87.57	
10.6546631059742	87.54	
10.6846631059742	87.51	
10.7146631059742	87.48	
10.7446631059742	87.45	
10.7746631059742	87.44	
10.8046631059742	87.45	
10.8346631059742	87.46	
10.8646631059742	87.48	
10.8946631059742	87.49	
10.9246631059742	87.49	
10.9546631059742	87.49	
10.9846631059742	87.49	
11.0146631059742	87.49	
11.0446631059742	87.50	
11.0746631059742	87.53	
11.1046631059742	87.55	
11.1346631059742	87.58	
11.1646631059742	87.60	
11.1946631059742	87.59	
11.2246631059742	87.57	
11.2546631059742	87.56	
11.2846631059742	87.54	
11.3146631059742	87.58	
11.3446631059742	87.63	
11.3746631059742	87.68	
11.4046631059742	87.73	
11.4346631059742	87.76	
11.4646631059742	87.72	
11.4946631059742	87.68	
11.5246631059742	87.64	
11.5546631059742	87.60	
11.5846631059742	87.58	
11.6146631059742	87.58	
11.6446631059742	87.57	
11.6746631059742	87.56	
11.7046631059742	87.56	
11.7346631059742	87.56	
11.7646631059742	87.56	
11.7946631059742	87.56	
11.8246631059742	87.56	
11.8546631059742	87.58	
11.8846631059742	87.61	
11.9146631059742	87.63	
11.9446631059742	87.65	
11.9746631059742	87.68	
12.0046631059742	87.70	
12.0346631059742	87.72	
12.0646631059742	87.74	
12.0946631059742	87.77	
12.1246631059742	87.81	
12.1546631059742	87.85	
12.1846631059742	87.89	
12.2146631059742	87.92	
12.2446631059742	87.94	
12.2746631059742	87.95	
12.3046631059742	87.97	
12.3346631059742	87.98	
12.3646631059742	87.97	
12.3946631059742	87.93	
12.4246631059742	87.89	
12.4546631059742	87.85	
12.4846631059742	87.81	
12.5146631059742	87.84	
12.5446631059742	87.87	
12.5746631059742	87.91	
12.6046631059742	87.94	
12.6346631059742	87.95	
12.6646631059742	87.93	
12.6946631059742	87.92	
12.7246631059742	87.90	
12.7546631059742	87.89	
12.7846631059742	87.94	
12.8146631059742	87.99	
12.8446631059742	88.04	
12.8746631059742	88.09	
12.9046631059742	88.08	
12.9346631059742	88.04	
12.9646631059742	88.01	
12.9946631059741	87.97	
13.0246631059741	87.93	
13.0546631059741	87.92	
13.0846631059741	87.91	
13.1146631059741	87.89	
13.1446631059741	87.88	
13.1746631059741	87.90	
13.2046631059741	87.93	
13.2346631059741	87.96	
13.2646631059741	87.99	
13.2946631059741	88.04	
13.3246631059741	88.12	
13.3546631059741	88.20	
13.3846631059741	88.28	
13.4146631059741	88.35	
13.4446631059741	88.30	
13.4746631059741	88.25	
13.5046631059741	88.20	
13.5346631059741	88.15	
13.5646631059741	88.15	
13.5946631059741	88.18	
13.6246631059741	88.20	
13.6546631059741	88.23	
13.6846631059741	88.26	
13.7146631059741	88.30	
13.7446631059741	88.35	
13.7746631059741	88.39	
13.8046631059741	88.44	
13.8346631059741	88.46	
13.8646631059741	88.48	
13.8946631059741	88.50	
13.9246631059741	88.52	
13.9546631059741	88.53	
13.9846631059741	88.50	
14.0146631059741	88.48	
14.0446631059741	88.46	
14.0746631059741	88.44	
14.1046631059741	88.42	
14.1346631059741	88.40	
14.1646631059741	88.38	
14.1946631059741	88.36	
14.2246631059741	88.37	
14.2546631059741	88.40	
14.2846631059741	88.44	
14.3146631059741	88.47	
14.3446631059741	88.51	
14.3746631059741	88.50	
14.4046631059741	88.50	
14.4346631059741	88.50	
14.4646631059741	88.49	
14.4946631059741	88.48	
14.5246631059741	88.46	
14.5546631059741	88.44	
14.5846631059741	88.42	
14.6146631059741	88.42	
14.6446631059741	88.46	
14.6746631059741	88.51	
14.7046631059741	88.55	
14.7346631059741	88.59	
14.7646631059741	88.64	
14.7946631059741	88.69	
14.8246631059741	88.74	
14.8546631059741	88.79	
14.8846631059741	88.79	
14.9146631059741	88.71	
14.9446631059741	88.64	
14.9746631059741	88.56	
15.0046631059741	88.49	
15.0346631059741	88.56	
15.0646631059741	88.64	
15.0946631059741	88.72	
15.1246631059741	88.79	
15.1546631059741	88.80	
15.1846631059741	88.76	
15.2146631059741	88.72	
15.2446631059741	88.68	
15.2746631059741	88.65	
15.3046631059741	88.67	
15.3346631059741	88.68	
15.3646631059741	88.70	
15.3946631059741	88.71	
15.4246631059741	88.75	
15.4546631059741	88.80	
15.4846631059741	88.85	
15.5146631059741	88.89	
15.5446631059741	88.92	
15.5746631059741	88.90	
15.6046631059741	88.88	
15.6346631059741	88.85	
15.6646631059741	88.83	
15.6946631059741	88.89	
15.7246631059741	88.95	
15.7546631059741	89.01	
15.7846631059741	89.07	
15.8146631059741	89.07	
15.8446631059741	89.02	
15.8746631059741	88.97	
15.9046631059741	88.91	
15.9346631059741	88.86	
15.9646631059741	88.81	
15.9946631059741	88.76	
16.0246631059741	88.71	
16.0546631059741	88.65	
16.0846631059741	88.68	
16.1146631059741	88.75	
16.1446631059741	88.82	
16.1746631059741	88.89	
16.2046631059741	88.94	
16.2346631059741	88.92	
16.2646631059741	88.91	
16.2946631059741	88.90	
16.3246631059741	88.88	
16.3546631059741	88.84	
16.3846631059741	88.80	
16.4146631059741	88.75	
16.4446631059741	88.70	
16.4746631059741	88.68	
16.5046631059741	88.69	
16.5346631059741	88.71	
16.5646631059741	88.72	
16.5946631059741	88.73	
16.6246631059741	88.73	
16.6546631059741	88.72	
16.6846631059741	88.71	
16.7146631059741	88.70	
16.7446631059741	88.72	
16.7746631059741	88.75	
16.8046631059741	88.77	
16.8346631059741	88.80	
16.8646631059741	88.82	
16.8946631059741	88.76	
16.9246631059741	88.70	
16.9546631059741	88.65	
16.9846631059741	88.59	
17.0146631059741	88.58	
17.0446631059741	88.59	
17.0746631059741	88.60	
17.1046631059741	88.61	
17.1346631059741	88.60	
17.1646631059741	88.55	
17.1946631059741	88.51	
17.2246631059741	88.46	
17.2546631059741	88.41	
17.2846631059741	88.41	
17.3146631059741	88.42	
17.3446631059741	88.42	
17.3746631059741	88.43	
17.4046631059741	88.44	
17.4346631059741	88.46	
17.4646631059741	88.48	
17.4946631059741	88.50	
17.5246631059741	88.52	
17.5546631059741	88.54	
17.5846631059741	88.55	
17.6146631059741	88.57	
17.6446631059741	88.59	
17.6746631059741	88.58	
17.7046631059741	88.56	
17.7346631059742	88.55	
17.7646631059742	88.53	
17.7946631059742	88.52	
17.8246631059742	88.51	
17.8546631059742	88.51	
17.8846631059742	88.51	
17.9146631059742	88.51	
17.9446631059742	88.51	
17.9746631059742	88.52	
18.0046631059742	88.53	
18.0346631059742	88.53	
18.0646631059742	88.53	
18.0946631059742	88.50	
18.1246631059742	88.48	
18.1546631059742	88.46	
18.1846631059742	88.44	
18.2146631059742	88.48	
18.2446631059742	88.52	
18.2746631059742	88.56	
18.3046631059742	88.60	
18.3346631059742	88.60	
18.3646631059742	88.57	
18.3946631059742	88.54	
18.4246631059742	88.51	
18.4546631059742	88.49	
18.4846631059742	88.49	
18.5146631059742	88.50	
18.5446631059742	88.50	
18.5746631059742	88.51	
18.6046631059742	88.50	
18.6346631059742	88.50	
18.6646631059742	88.49	
18.6946631059742	88.49	
18.7246631059742	88.50	
18.7546631059742	88.53	
18.7846631059742	88.57	
18.8146631059742	88.61	
18.8446631059742	88.64	
18.8746631059742	88.59	
18.9046631059742	88.54	
18.9346631059742	88.49	
18.9646631059742	88.44	
18.9946631059742	88.44	
19.0246631059742	88.50	
19.0546631059742	88.55	
19.0846631059742	88.60	
19.1146631059742	88.65	
19.1446631059742	88.64	
19.1746631059742	88.62	
19.2046631059742	88.60	
19.2346631059742	88.59	
19.2646631059742	88.59	
19.2946631059742	88.61	
19.3246631059742	88.62	
19.3546631059742	88.63	
19.3846631059742	88.63	
19.4146631059742	88.59	
19.4446631059742	88.54	
19.4746631059742	88.49	
19.5046631059742	88.45	
19.5346631059742	88.47	
19.5646631059742	88.50	
19.5946631059742	88.53	
19.6246631059742	88.56	
19.6546631059742	88.58	
19.6846631059742	88.58	
19.7146631059742	88.58	
19.7446631059742	88.59	
19.7746631059742	88.59	
19.8046631059742	88.61	
19.8346631059742	88.64	
19.8646631059742	88.67	
19.8946631059742	88.70	
19.9246631059742	88.69	
19.9546631059742	88.66	
19.9846631059742	88.64	
20.0146631059742	88.61	
20.0446631059742	88.58	
20.0746631059742	88.57	
20.1046631059742	88.57	
20.1346631059742	88.56	
20.1646631059742	88.55	
20.1946631059742	88.57	
20.2246631059742	88.59	
20.2546631059742	88.62	
20.2846631059742	88.64	
20.3146631059742	88.65	
20.3446631059742	88.61	
20.3746631059743	88.57	
20.4046631059743	88.54	
20.4346631059743	88.50	
20.4646631059743	88.54	
20.4946631059743	88.58	
20.5246631059743	88.63	
20.5546631059743	88.67	
20.5846631059743	88.69	
20.6146631059743	88.70	
20.6446631059743	88.71	
20.6746631059743	88.71	
20.7046631059743	88.72	
20.7346631059743	88.76	
20.7646631059743	88.79	
20.7946631059743	88.83	
20.8246631059743	88.87	
20.8546631059743	88.89	
20.8846631059743	88.89	
20.9146631059743	88.90	
20.9446631059743	88.90	
20.9746631059743	88.91	
21.0046631059743	88.93	
21.0346631059743	88.94	
21.0646631059743	88.95	
21.0946631059743	88.97	
21.1246631059743	89.03	
21.1546631059743	89.10	
21.1846631059743	89.18	
21.2146631059743	89.25	
21.2446631059743	89.28	
21.2746631059743	89.27	
21.3046631059743	89.26	
21.3346631059743	89.24	
21.3646631059743	89.23	
21.3946631059743	89.29	
21.4246631059743	89.36	
21.4546631059743	89.43	
21.4846631059743	89.49	
21.5146631059743	89.55	
21.5446631059743	89.60	
21.5746631059743	89.66	
21.6046631059743	89.71	
21.6346631059743	89.78	
21.6646631059743	89.91	
21.6946631059743	90.04	
21.7246631059743	90.17	
21.7546631059743	90.30	
21.7846631059743	90.38	
21.8146631059743	90.44	
21.8446631059743	90.50	
21.8746631059743	90.56	
21.9046631059743	90.62	
21.9346631059743	90.68	
21.9646631059743	90.74	
21.9946631059743	90.80	
22.0246631059743	90.86	
22.0546631059743	90.90	
22.0846631059743	90.94	
22.1146631059743	90.98	
22.1446631059743	91.02	
22.1746631059743	91.08	
22.2046631059743	91.15	
22.2346631059743	91.22	
22.2646631059743	91.29	
22.2946631059743	91.37	
22.3246631059743	91.46	
22.3546631059743	91.56	
22.3846631059743	91.66	
22.4146631059743	91.75	
22.4446631059743	91.79	
22.4746631059743	91.80	
22.5046631059743	91.80	
22.5346631059743	91.81	
22.5646631059743	91.81	
22.5946631059743	91.77	
22.6246631059743	91.73	
22.6546631059743	91.69	
22.6846631059743	91.65	
22.7146631059743	91.67	
22.7446631059743	91.71	
22.7746631059743	91.75	
22.8046631059743	91.78	
22.8346631059743	91.82	
22.8646631059743	91.84	
22.8946631059743	91.86	
22.9246631059743	91.89	
22.9546631059743	91.91	
22.9846631059743	91.84	
23.0146631059744	91.77	
23.0446631059744	91.70	
23.0746631059744	91.63	
23.1046631059744	91.55	
23.1346631059744	91.45	
23.1646631059744	91.35	
23.1946631059744	91.25	
23.2246631059744	91.16	
23.2546631059744	91.16	
23.2846631059744	91.15	
23.3146631059744	91.15	
23.3446631059744	91.15	
23.3746631059744	91.04	
23.4046631059744	90.90	
23.4346631059744	90.76	
23.4646631059744	90.62	
23.4946631059744	90.50	
23.5246631059744	90.45	
23.5546631059744	90.39	
23.5846631059744	90.33	
23.6146631059744	90.27	
23.6446631059744	90.16	
23.6746631059744	90.04	
23.7046631059744	89.92	
23.7346631059744	89.81	
23.7646631059744	89.70	
23.7946631059744	89.59	
23.8246631059744	89.48	
23.8546631059744	89.37	
23.8846631059744	89.27	
23.9146631059744	89.18	
23.9446631059744	89.09	
23.9746631059744	89.00	
24.0046631059744	88.90	
24.0346631059744	88.74	
24.0646631059744	88.54	
24.0946631059744	88.34	
24.1246631059744	88.14	
24.1546631059744	87.94	
24.1846631059744	87.74	
24.2146631059744	87.54	
24.2446631059744	87.34	
24.2746631059744	87.14	
24.3046631059744	86.94	
24.3346631059744	86.74	
24.3646631059744	86.54	
24.3946631059744	86.35	
24.4246631059744	86.12	
24.4546631059744	85.86	
24.4846631059744	85.60	
24.5146631059744	85.33	
24.5446631059744	85.07	
24.5746631059744	84.80	
24.6046631059744	84.52	
24.6346631059744	84.25	
24.6646631059744	83.97	
24.6946631059744	83.65	
24.7246631059744	83.30	
24.7546631059744	82.95	
24.7846631059744	82.60	
24.8146631059744	82.24	
24.8446631059744	81.86	
24.8746631059744	81.47	
24.9046631059744	81.08	
24.9346631059744	80.70	
24.9646631059744	80.28	
24.9946631059744	79.86	
25.0246631059744	79.44	
25.0546631059744	79.01	
25.0846631059744	78.60	
25.1146631059744	78.18	
25.1446631059744	77.77	
25.1746631059744	77.36	
25.2046631059744	76.95	
25.2346631059744	76.50	
25.2646631059744	76.04	
25.2946631059744	75.59	
25.3246631059744	75.13	
25.3546631059744	74.67	
25.3846631059744	74.21	
25.4146631059744	73.75	
25.4446631059744	73.29	
25.4746631059744	72.83	
25.5046631059744	72.35	
25.5346631059744	71.88	
25.5646631059744	71.41	
25.5946631059744	70.93	
25.6246631059744	70.50	
25.6546631059745	70.08	
25.6846631059745	69.67	
25.7146631059745	69.25	
25.7446631059745	68.82	
25.7746631059745	68.35	
25.8046631059745	67.89	
25.8346631059745	67.42	
25.8646631059745	66.95	
25.8946631059745	66.49	
25.9246631059745	66.04	
25.9546631059745	65.59	
25.9846631059745	65.13	
26.0146631059745	64.69	
26.0446631059745	64.26	
26.0746631059745	63.84	
26.1046631059745	63.41	
26.1346631059745	62.99	
26.1646631059745	62.45	
26.1946631059745	61.90	
26.2246631059745	61.36	
26.2546631059745	60.82	
26.2846631059745	60.20	
26.3146631059745	59.53	
26.3446631059745	58.85	
26.3746631059745	58.17	
26.4046631059745	57.44	
26.4346631059745	56.42	
26.4646631059745	55.40	
26.4946631059745	54.38	
26.5246631059745	53.37	
26.5546631059745	52.12	
26.5846631059745	50.79	
26.6146631059745	49.47	
26.6446631059745	48.14	
26.6746631059745	46.76	
26.7046631059745	45.26	
26.7346631059745	43.76	
26.7646631059745	42.26	
26.7946631059745	40.76	
26.8246631059745	39.18	
26.8546631059745	37.58	
26.8846631059745	35.99	
26.9146631059745	34.39	
26.9446631059745	32.84	
26.9746631059745	31.33	
27.0046631059745	29.83	
27.0346631059745	28.32	
27.0646631059745	26.84	
27.0946631059745	25.60	
27.1246631059745	24.35	
27.1546631059745	23.11	
27.1846631059745	21.87	
27.2146631059745	20.81	
27.2446631059745	19.86	
27.2746631059745	18.90	
27.3046631059745	17.94	
27.3346631059745	17.06	
27.3646631059745	16.42	
27.3946631059745	15.78	
27.4246631059745	15.14	
27.4546631059745	14.50	
27.4846631059745	14.01	
27.5146631059745	13.55	
27.5446631059745	13.09	
27.5746631059745	12.63	
27.6046631059745	12.25	
27.6346631059745	11.98	
27.6646631059745	11.71	
27.6946631059745	11.43	
27.7246631059745	11.16	
27.7546631059745	10.94	
27.7846631059745	10.71	
27.8146631059745	10.49	
27.8446631059745	10.27	
27.8746631059745	10.09	
27.9046631059745	9.93	
27.9346631059745	9.78	
27.9646631059745	9.63	
27.9946631059745	9.48	
28.0246631059745	9.34	
28.0546631059745	9.20	
28.0846631059745	9.07	
28.1146631059745	8.93	
28.1446631059745	8.82	
28.1746631059745	8.72	
28.2046631059745	8.61	
28.2346631059745	8.51	
28.2646631059745	8.41	
28.2946631059746	8.32	
28.3246631059746	8.23	
28.3546631059746	8.14	
28.3846631059746	8.05	
28.4146631059746	7.97	
28.4446631059746	7.88	
28.4746631059746	7.80	
28.5046631059746	7.71	
28.5346631059746	7.64	
28.5646631059746	7.58	
28.5946631059746	7.51	
28.6246631059746	7.45	
28.6546631059746	7.39	
28.6846631059746	7.33	
28.7146631059746	7.28	
28.7446631059746	7.22	
28.7746631059746	7.17	
28.8046631059746	7.11	
28.8346631059746	7.05	
28.8646631059746	6.99	
28.8946631059746	6.93	
28.9246631059746	6.88	
28.9546631059746	6.83	
28.9846631059746	6.78	
29.0146631059746	6.73	
29.0446631059746	6.68	
29.0746631059746	6.63	
29.1046631059746	6.58	
29.1346631059746	6.53	
29.1646631059746	6.47	
29.1946631059746	6.43	
29.2246631059746	6.38	
29.2546631059746	6.34	
29.2846631059746	6.29	
29.3146631059746	6.25	
29.3446631059746	6.20	
29.3746631059746	6.15	
29.4046631059746	6.10	
29.4346631059746	6.05	
29.4646631059746	6.00	
29.4946631059746	5.96	
29.5246631059746	5.91	
29.5546631059746	5.86	
29.5846631059746	5.82	
29.6146631059746	5.78	
29.6446631059746	5.75	
29.6746631059746	5.71	
29.7046631059746	5.68	
29.7346631059746	5.63	
29.7646631059746	5.59	
29.7946631059746	5.55	
29.8246631059746	5.50	
29.8546631059746	5.46	
29.8846631059746	5.44	
29.9146631059746	5.42	
29.9446631059746	5.40	
29.9746631059746	5.38	
30.0046631059746	5.34	
30.0346631059746	5.29	
30.0646631059746	5.25	
30.0946631059746	5.20	
30.1246631059746	5.16	
30.1546631059746	5.13	
30.1846631059746	5.09	
30.2146631059746	5.06	
30.2446631059746	5.03	
30.2746631059746	5.01	
30.3046631059746	4.99	
30.3346631059746	4.96	
30.3646631059746	4.94	
30.3946631059746	4.91	
30.4246631059746	4.86	
30.4546631059746	4.82	
30.4846631059746	4.78	
30.5146631059746	4.74	
30.5446631059746	4.71	
30.5746631059746	4.68	
30.6046631059746	4.65	
30.6346631059746	4.62	
30.6646631059746	4.60	
30.6946631059746	4.57	
30.7246631059746	4.54	
30.7546631059746	4.52	
30.7846631059746	4.49	
30.8146631059746	4.47	
30.8446631059746	4.45	
30.8746631059746	4.42	
30.9046631059746	4.40	
30.9346631059747	4.37	
30.9646631059747	4.33	
30.9946631059747	4.30	
31.0246631059747	4.26	
31.0546631059747	4.24	
31.0846631059747	4.21	
31.1146631059747	4.19	
31.1446631059747	4.17	
31.1746631059747	4.14	
31.2046631059747	4.10	
31.2346631059747	4.06	
31.2646631059747	4.02	
