Delivery System	U03	
Energy	6 MV	
Scan Type	Profile at Angle	
Depth	5.00	
Field	40cm x 40cm (Jaws)	
Wedge	Open Field	
Comments		

	5.00 cm : ScanId=35	
-31.3432151828749	3.87	
-31.3132151828749	3.84	
-31.2832151828749	3.85	
-31.2532151828749	3.86	
-31.2232151828749	3.88	
-31.1932151828749	3.90	
-31.1632151828749	3.93	
-31.1332151828749	3.96	
-31.1032151828749	3.98	
-31.0732151828749	4.01	
-31.0432151828749	4.02	
-31.0132151828749	4.04	
-30.9832151828749	4.06	
-30.9532151828749	4.08	
-30.9232151828749	4.09	
-30.8932151828749	4.10	
-30.8632151828749	4.11	
-30.8332151828749	4.13	
-30.8032151828749	4.17	
-30.7732151828749	4.21	
-30.7432151828749	4.25	
-30.7132151828749	4.29	
-30.6832151828749	4.33	
-30.6532151828749	4.35	
-30.6232151828749	4.37	
-30.5932151828749	4.39	
-30.5632151828749	4.41	
-30.5332151828749	4.46	
-30.5032151828749	4.50	
-30.4732151828749	4.54	
-30.4432151828749	4.59	
-30.4132151828749	4.61	
-30.3832151828749	4.62	
-30.3532151828749	4.63	
-30.3232151828749	4.64	
-30.2932151828749	4.65	
-30.2632151828749	4.68	
-30.2332151828749	4.70	
-30.2032151828749	4.73	
-30.1732151828749	4.75	
-30.1432151828749	4.78	
-30.1132151828749	4.82	
-30.0832151828749	4.85	
-30.0532151828749	4.88	
-30.0232151828749	4.92	
-29.9932151828749	4.95	
-29.9632151828749	4.98	
-29.9332151828749	5.02	
-29.9032151828749	5.05	
-29.8732151828749	5.09	
-29.8432151828749	5.12	
-29.8132151828748	5.16	
-29.7832151828748	5.19	
-29.7532151828748	5.23	
-29.7232151828748	5.25	
-29.6932151828748	5.28	
-29.6632151828748	5.31	
-29.6332151828748	5.34	
-29.6032151828748	5.40	
-29.5732151828748	5.45	
-29.5432151828748	5.50	
-29.5132151828748	5.55	
-29.4832151828748	5.59	
-29.4532151828748	5.61	
-29.4232151828748	5.64	
-29.3932151828748	5.67	
-29.3632151828748	5.71	
-29.3332151828748	5.76	
-29.3032151828748	5.81	
-29.2732151828748	5.86	
-29.2432151828748	5.91	
-29.2132151828748	5.94	
-29.1832151828748	5.97	
-29.1532151828748	6.00	
-29.1232151828748	6.03	
-29.0932151828748	6.07	
-29.0632151828748	6.12	
-29.0332151828748	6.18	
-29.0032151828748	6.23	
-28.9732151828748	6.29	
-28.9432151828748	6.34	
-28.9132151828748	6.40	
-28.8832151828748	6.45	
-28.8532151828748	6.51	
-28.8232151828748	6.57	
-28.7932151828748	6.62	
-28.7632151828748	6.68	
-28.7332151828748	6.74	
-28.7032151828748	6.80	
-28.6732151828748	6.87	
-28.6432151828748	6.94	
-28.6132151828748	7.02	
-28.5832151828748	7.09	
-28.5532151828748	7.14	
-28.5232151828748	7.19	
-28.4932151828748	7.24	
-28.4632151828748	7.29	
-28.4332151828748	7.37	
-28.4032151828748	7.47	
-28.3732151828748	7.57	
-28.3432151828748	7.67	
-28.3132151828748	7.77	
-28.2832151828748	7.86	
-28.2532151828748	7.94	
-28.2232151828748	8.03	
-28.1932151828748	8.12	
-28.1632151828748	8.21	
-28.1332151828748	8.30	
-28.1032151828748	8.39	
-28.0732151828748	8.47	
-28.0432151828748	8.57	
-28.0132151828748	8.67	
-27.9832151828748	8.78	
-27.9532151828748	8.89	
-27.9232151828748	9.00	
-27.8932151828748	9.13	
-27.8632151828748	9.27	
-27.8332151828748	9.41	
-27.8032151828748	9.54	
-27.7732151828748	9.67	
-27.7432151828748	9.76	
-27.7132151828748	9.85	
-27.6832151828748	9.94	
-27.6532151828748	10.04	
-27.6232151828748	10.18	
-27.5932151828748	10.33	
-27.5632151828748	10.49	
-27.5332151828748	10.64	
-27.5032151828748	10.82	
-27.4732151828748	11.03	
-27.4432151828748	11.25	
-27.4132151828748	11.46	
-27.3832151828748	11.68	
-27.3532151828748	11.95	
-27.3232151828748	12.22	
-27.2932151828748	12.49	
-27.2632151828748	12.76	
-27.2332151828748	13.13	
-27.2032151828748	13.56	
-27.1732151828747	13.98	
-27.1432151828747	14.41	
-27.1132151828747	14.89	
-27.0832151828747	15.51	
-27.0532151828747	16.14	
-27.0232151828747	16.76	
-26.9932151828747	17.38	
-26.9632151828747	18.26	
-26.9332151828747	19.18	
-26.9032151828747	20.10	
-26.8732151828747	21.03	
-26.8432151828747	22.09	
-26.8132151828747	23.33	
-26.7832151828747	24.57	
-26.7532151828747	25.82	
-26.7232151828747	27.06	
-26.6932151828747	28.53	
-26.6632151828747	29.99	
-26.6332151828747	31.46	
-26.6032151828747	32.92	
-26.5732151828747	34.45	
-26.5432151828747	36.03	
-26.5132151828747	37.61	
-26.4832151828747	39.19	
-26.4532151828747	40.76	
-26.4232151828747	42.31	
-26.3932151828747	43.85	
-26.3632151828747	45.39	
-26.3332151828747	46.94	
-26.3032151828747	48.47	
-26.2732151828747	50.00	
-26.2432151828747	51.53	
-26.2132151828747	53.06	
-26.1832151828747	54.47	
-26.1532151828747	55.62	
-26.1232151828747	56.77	
-26.0932151828747	57.92	
-26.0632151828747	59.06	
-26.0332151828747	59.89	
-26.0032151828747	60.70	
-25.9732151828747	61.51	
-25.9432151828747	62.31	
-25.9132151828747	62.99	
-25.8832151828747	63.57	
-25.8532151828747	64.16	
-25.8232151828747	64.74	
-25.7932151828747	65.32	
-25.7632151828747	65.90	
-25.7332151828747	66.48	
-25.7032151828747	67.06	
-25.6732151828747	67.65	
-25.6432151828747	68.17	
-25.6132151828747	68.66	
-25.5832151828747	69.15	
-25.5532151828747	69.64	
-25.5232151828747	70.15	
-25.4932151828747	70.68	
-25.4632151828747	71.21	
-25.4332151828747	71.74	
-25.4032151828747	72.27	
-25.3732151828747	72.72	
-25.3432151828747	73.16	
-25.3132151828747	73.59	
-25.2832151828747	74.03	
-25.2532151828747	74.49	
-25.2232151828747	75.00	
-25.1932151828747	75.51	
-25.1632151828747	76.02	
-25.1332151828747	76.53	
-25.1032151828747	77.01	
-25.0732151828747	77.48	
-25.0432151828747	77.96	
-25.0132151828747	78.44	
-24.9832151828747	78.90	
-24.9532151828747	79.34	
-24.9232151828747	79.78	
-24.8932151828747	80.23	
-24.8632151828747	80.65	
-24.8332151828747	81.00	
-24.8032151828747	81.35	
-24.7732151828747	81.70	
-24.7432151828747	82.05	
-24.7132151828747	82.41	
-24.6832151828747	82.76	
-24.6532151828747	83.11	
-24.6232151828747	83.47	
-24.5932151828747	83.80	
-24.5632151828747	84.08	
-24.5332151828746	84.35	
-24.5032151828746	84.63	
-24.4732151828746	84.91	
-24.4432151828746	85.21	
-24.4132151828746	85.51	
-24.3832151828746	85.81	
-24.3532151828746	86.11	
-24.3232151828746	86.35	
-24.2932151828746	86.53	
-24.2632151828746	86.71	
-24.2332151828746	86.89	
-24.2032151828746	87.07	
-24.1732151828746	87.27	
-24.1432151828746	87.47	
-24.1132151828746	87.68	
-24.0832151828746	87.88	
-24.0532151828746	88.04	
-24.0232151828746	88.18	
-23.9932151828746	88.33	
-23.9632151828746	88.47	
-23.9332151828746	88.60	
-23.9032151828746	88.69	
-23.8732151828746	88.79	
-23.8432151828746	88.88	
-23.8132151828746	88.97	
-23.7832151828746	89.13	
-23.7532151828746	89.31	
-23.7232151828746	89.48	
-23.6932151828746	89.65	
-23.6632151828746	89.82	
-23.6332151828746	89.97	
-23.6032151828746	90.12	
-23.5732151828746	90.27	
-23.5432151828746	90.42	
-23.5132151828746	90.52	
-23.4832151828746	90.62	
-23.4532151828746	90.73	
-23.4232151828746	90.83	
-23.3932151828746	90.90	
-23.3632151828746	90.96	
-23.3332151828746	91.02	
-23.3032151828746	91.08	
-23.2732151828746	91.15	
-23.2432151828746	91.26	
-23.2132151828746	91.38	
-23.1832151828746	91.49	
-23.1532151828746	91.61	
-23.1232151828746	91.64	
-23.0932151828746	91.64	
-23.0632151828746	91.64	
-23.0332151828746	91.64	
-23.0032151828746	91.68	
-22.9732151828746	91.79	
-22.9432151828746	91.89	
-22.9132151828746	92.00	
-22.8832151828746	92.11	
-22.8532151828746	92.08	
-22.8232151828746	92.04	
-22.7932151828746	92.01	
-22.7632151828746	91.97	
-22.7332151828746	91.93	
-22.7032151828746	91.88	
-22.6732151828746	91.84	
-22.6432151828746	91.79	
-22.6132151828746	91.76	
-22.5832151828746	91.86	
-22.5532151828746	91.95	
-22.5232151828746	92.04	
-22.4932151828746	92.14	
-22.4632151828746	92.14	
-22.4332151828746	92.09	
-22.4032151828746	92.05	
-22.3732151828746	92.00	
-22.3432151828746	91.94	
-22.3132151828746	91.83	
-22.2832151828746	91.72	
-22.2532151828746	91.61	
-22.2232151828746	91.50	
-22.1932151828746	91.44	
-22.1632151828746	91.40	
-22.1332151828746	91.36	
-22.1032151828746	91.31	
-22.0732151828746	91.26	
-22.0432151828746	91.20	
-22.0132151828746	91.14	
-21.9832151828746	91.08	
-21.9532151828746	91.02	
-21.9232151828746	90.92	
-21.8932151828745	90.81	
-21.8632151828745	90.71	
-21.8332151828745	90.61	
-21.8032151828745	90.53	
-21.7732151828745	90.47	
-21.7432151828745	90.41	
-21.7132151828745	90.36	
-21.6832151828745	90.29	
-21.6532151828745	90.19	
-21.6232151828745	90.09	
-21.5932151828745	90.00	
-21.5632151828745	89.90	
-21.5332151828745	89.85	
-21.5032151828745	89.81	
-21.4732151828745	89.77	
-21.4432151828745	89.73	
-21.4132151828745	89.68	
-21.3832151828745	89.62	
-21.3532151828745	89.56	
-21.3232151828745	89.49	
-21.2932151828745	89.43	
-21.2632151828745	89.44	
-21.2332151828745	89.45	
-21.2032151828745	89.46	
-21.1732151828745	89.47	
-21.1432151828745	89.44	
-21.1132151828745	89.37	
-21.0832151828745	89.29	
-21.0532151828745	89.22	
-21.0232151828745	89.15	
-20.9932151828745	89.15	
-20.9632151828745	89.15	
-20.9332151828745	89.14	
-20.9032151828745	89.14	
-20.8732151828745	89.10	
-20.8432151828745	89.05	
-20.8132151828745	88.99	
-20.7832151828745	88.94	
-20.7532151828745	88.90	
-20.7232151828745	88.92	
-20.6932151828745	88.94	
-20.6632151828745	88.96	
-20.6332151828745	88.99	
-20.6032151828745	89.03	
-20.5732151828745	89.08	
-20.5432151828745	89.13	
-20.5132151828745	89.18	
-20.4832151828745	89.16	
-20.4532151828745	89.04	
-20.4232151828745	88.93	
-20.3932151828745	88.81	
-20.3632151828745	88.69	
-20.3332151828745	88.73	
-20.3032151828745	88.76	
-20.2732151828745	88.80	
-20.2432151828745	88.83	
-20.2132151828745	88.84	
-20.1832151828745	88.83	
-20.1532151828745	88.82	
-20.1232151828745	88.81	
-20.0932151828745	88.81	
-20.0632151828745	88.82	
-20.0332151828745	88.83	
-20.0032151828745	88.84	
-19.9732151828745	88.85	
-19.9432151828745	88.86	
-19.9132151828745	88.86	
-19.8832151828745	88.87	
-19.8532151828745	88.88	
-19.8232151828745	88.86	
-19.7932151828745	88.80	
-19.7632151828745	88.74	
-19.7332151828745	88.68	
-19.7032151828745	88.62	
-19.6732151828745	88.66	
-19.6432151828745	88.71	
-19.6132151828745	88.76	
-19.5832151828745	88.81	
-19.5532151828745	88.85	
-19.5232151828745	88.89	
-19.4932151828745	88.93	
-19.4632151828745	88.97	
-19.4332151828745	89.01	
-19.4032151828745	88.93	
-19.3732151828745	88.86	
-19.3432151828745	88.78	
-19.3132151828745	88.71	
-19.2832151828745	88.70	
-19.2532151828744	88.71	
-19.2232151828744	88.73	
-19.1932151828744	88.75	
-19.1632151828744	88.77	
-19.1332151828744	88.79	
-19.1032151828744	88.81	
-19.0732151828744	88.83	
-19.0432151828744	88.85	
-19.0132151828744	88.83	
-18.9832151828744	88.79	
-18.9532151828744	88.76	
-18.9232151828744	88.73	
-18.8932151828744	88.71	
-18.8632151828744	88.70	
-18.8332151828744	88.70	
-18.8032151828744	88.69	
-18.7732151828744	88.69	
-18.7432151828744	88.71	
-18.7132151828744	88.73	
-18.6832151828744	88.76	
-18.6532151828744	88.78	
-18.6232151828744	88.79	
-18.5932151828744	88.80	
-18.5632151828744	88.80	
-18.5332151828744	88.81	
-18.5032151828744	88.81	
-18.4732151828744	88.79	
-18.4432151828744	88.76	
-18.4132151828744	88.73	
-18.3832151828744	88.70	
-18.3532151828744	88.73	
-18.3232151828744	88.77	
-18.2932151828744	88.81	
-18.2632151828744	88.85	
-18.2332151828744	88.87	
-18.2032151828744	88.85	
-18.1732151828744	88.83	
-18.1432151828744	88.82	
-18.1132151828744	88.80	
-18.0832151828744	88.79	
-18.0532151828744	88.79	
-18.0232151828744	88.78	
-17.9932151828744	88.78	
-17.9632151828744	88.75	
-17.9332151828744	88.69	
-17.9032151828744	88.64	
-17.8732151828744	88.59	
-17.8432151828744	88.55	
-17.8132151828744	88.61	
-17.7832151828744	88.66	
-17.7532151828744	88.72	
-17.7232151828744	88.77	
-17.6932151828744	88.79	
-17.6632151828744	88.79	
-17.6332151828744	88.79	
-17.6032151828744	88.79	
-17.5732151828744	88.78	
-17.5432151828744	88.77	
-17.5132151828744	88.76	
-17.4832151828744	88.75	
-17.4532151828744	88.74	
-17.4232151828744	88.76	
-17.3932151828744	88.78	
-17.3632151828744	88.80	
-17.3332151828744	88.82	
-17.3032151828744	88.83	
-17.2732151828744	88.81	
-17.2432151828744	88.80	
-17.2132151828744	88.78	
-17.1832151828744	88.77	
-17.1532151828744	88.78	
-17.1232151828744	88.80	
-17.0932151828744	88.82	
-17.0632151828744	88.84	
-17.0332151828744	88.85	
-17.0032151828744	88.86	
-16.9732151828744	88.87	
-16.9432151828744	88.88	
-16.9132151828744	88.89	
-16.8832151828744	88.89	
-16.8532151828744	88.89	
-16.8232151828744	88.90	
-16.7932151828744	88.90	
-16.7632151828744	88.91	
-16.7332151828744	88.92	
-16.7032151828744	88.93	
-16.6732151828744	88.94	
-16.6432151828744	88.95	
-16.6132151828743	88.97	
-16.5832151828743	88.99	
-16.5532151828743	89.02	
-16.5232151828743	89.04	
-16.4932151828743	89.01	
-16.4632151828743	88.98	
-16.4332151828743	88.95	
-16.4032151828743	88.92	
-16.3732151828743	88.90	
-16.3432151828743	88.89	
-16.3132151828743	88.87	
-16.2832151828743	88.86	
-16.2532151828743	88.85	
-16.2232151828743	88.90	
-16.1932151828743	88.94	
-16.1632151828743	88.99	
-16.1332151828743	89.03	
-16.1032151828743	89.02	
-16.0732151828743	88.99	
-16.0432151828743	88.96	
-16.0132151828743	88.92	
-15.9832151828743	88.90	
-15.9532151828743	88.92	
-15.9232151828743	88.94	
-15.8932151828743	88.96	
-15.8632151828743	88.98	
-15.8332151828743	89.00	
-15.8032151828743	89.02	
-15.7732151828743	89.04	
-15.7432151828743	89.06	
-15.7132151828743	89.07	
-15.6832151828743	89.05	
-15.6532151828743	89.02	
-15.6232151828743	89.00	
-15.5932151828743	88.98	
-15.5632151828743	88.96	
-15.5332151828743	88.95	
-15.5032151828743	88.93	
-15.4732151828743	88.92	
-15.4432151828743	88.91	
-15.4132151828743	88.89	
-15.3832151828743	88.88	
-15.3532151828743	88.86	
-15.3232151828743	88.85	
-15.2932151828743	88.87	
-15.2632151828743	88.89	
-15.2332151828743	88.91	
-15.2032151828743	88.93	
-15.1732151828743	88.92	
-15.1432151828743	88.91	
-15.1132151828743	88.90	
-15.0832151828743	88.89	
-15.0532151828743	88.87	
-15.0232151828743	88.83	
-14.9932151828743	88.79	
-14.9632151828743	88.75	
-14.9332151828743	88.71	
-14.9032151828743	88.73	
-14.8732151828744	88.74	
-14.8432151828744	88.76	
-14.8132151828744	88.77	
-14.7832151828744	88.77	
-14.7532151828744	88.77	
-14.7232151828744	88.76	
-14.6932151828744	88.75	
-14.6632151828744	88.74	
-14.6332151828744	88.66	
-14.6032151828744	88.58	
-14.5732151828744	88.50	
-14.5432151828744	88.42	
-14.5132151828744	88.42	
-14.4832151828744	88.47	
-14.4532151828744	88.52	
-14.4232151828744	88.56	
-14.3932151828744	88.60	
-14.3632151828744	88.61	
-14.3332151828744	88.63	
-14.3032151828744	88.64	
-14.2732151828744	88.65	
-14.2432151828744	88.63	
-14.2132151828744	88.61	
-14.1832151828744	88.58	
-14.1532151828744	88.55	
-14.1232151828744	88.52	
-14.0932151828744	88.49	
-14.0632151828744	88.45	
-14.0332151828744	88.42	
-14.0032151828744	88.39	
-13.9732151828744	88.33	
-13.9432151828744	88.28	
-13.9132151828744	88.23	
-13.8832151828744	88.18	
-13.8532151828744	88.18	
-13.8232151828744	88.22	
-13.7932151828744	88.26	
-13.7632151828744	88.29	
-13.7332151828744	88.33	
-13.7032151828744	88.33	
-13.6732151828744	88.34	
-13.6432151828744	88.34	
-13.6132151828744	88.35	
-13.5832151828744	88.34	
-13.5532151828744	88.32	
-13.5232151828744	88.31	
-13.4932151828744	88.30	
-13.4632151828744	88.28	
-13.4332151828744	88.26	
-13.4032151828744	88.24	
-13.3732151828744	88.22	
-13.3432151828744	88.20	
-13.3132151828744	88.17	
-13.2832151828744	88.14	
-13.2532151828744	88.10	
-13.2232151828744	88.07	
-13.1932151828744	88.05	
-13.1632151828744	88.04	
-13.1332151828744	88.03	
-13.1032151828744	88.02	
-13.0732151828744	88.01	
-13.0432151828744	88.00	
-13.0132151828744	87.98	
-12.9832151828744	87.97	
-12.9532151828744	87.95	
-12.9232151828744	87.95	
-12.8932151828744	87.95	
-12.8632151828744	87.96	
-12.8332151828744	87.96	
-12.8032151828744	87.96	
-12.7732151828744	87.93	
-12.7432151828744	87.91	
-12.7132151828744	87.88	
-12.6832151828744	87.85	
-12.6532151828744	87.88	
-12.6232151828744	87.91	
-12.5932151828744	87.94	
-12.5632151828744	87.97	
-12.5332151828744	87.97	
-12.5032151828744	87.95	
-12.4732151828744	87.92	
-12.4432151828744	87.90	
-12.4132151828744	87.87	
-12.3832151828744	87.87	
-12.3532151828744	87.86	
-12.3232151828744	87.86	
-12.2932151828744	87.86	
-12.2632151828744	87.86	
-12.2332151828744	87.85	
-12.2032151828744	87.84	
-12.1732151828744	87.84	
-12.1432151828744	87.83	
-12.1132151828744	87.83	
-12.0832151828744	87.82	
-12.0532151828744	87.82	
-12.0232151828744	87.81	
-11.9932151828744	87.80	
-11.9632151828744	87.79	
-11.9332151828744	87.78	
-11.9032151828744	87.77	
-11.8732151828744	87.77	
-11.8432151828744	87.79	
-11.8132151828744	87.81	
-11.7832151828744	87.83	
-11.7532151828744	87.85	
-11.7232151828744	87.84	
-11.6932151828744	87.83	
-11.6632151828744	87.82	
-11.6332151828744	87.81	
-11.6032151828744	87.80	
-11.5732151828744	87.80	
-11.5432151828744	87.79	
-11.5132151828744	87.78	
-11.4832151828744	87.78	
-11.4532151828744	87.75	
-11.4232151828744	87.72	
-11.3932151828744	87.69	
-11.3632151828744	87.66	
-11.3332151828744	87.67	
-11.3032151828744	87.71	
-11.2732151828744	87.75	
-11.2432151828744	87.80	
-11.2132151828744	87.81	
-11.1832151828744	87.76	
-11.1532151828744	87.71	
-11.1232151828744	87.66	
-11.0932151828744	87.60	
-11.0632151828744	87.65	
-11.0332151828744	87.71	
-11.0032151828744	87.77	
-10.9732151828744	87.83	
-10.9432151828744	87.86	
-10.9132151828744	87.86	
-10.8832151828744	87.86	
-10.8532151828744	87.85	
-10.8232151828744	87.85	
-10.7932151828744	87.85	
-10.7632151828744	87.84	
-10.7332151828744	87.83	
-10.7032151828744	87.83	
-10.6732151828744	87.83	
-10.6432151828744	87.83	
-10.6132151828744	87.84	
-10.5832151828744	87.84	
-10.5532151828744	87.85	
-10.5232151828744	87.84	
-10.4932151828744	87.83	
-10.4632151828744	87.82	
-10.4332151828744	87.81	
-10.4032151828744	87.79	
-10.3732151828744	87.78	
-10.3432151828744	87.76	
-10.3132151828744	87.74	
-10.2832151828744	87.74	
-10.2532151828744	87.77	
-10.2232151828744	87.80	
-10.1932151828745	87.83	
-10.1632151828745	87.86	
-10.1332151828745	87.87	
-10.1032151828745	87.87	
-10.0732151828745	87.87	
-10.0432151828745	87.88	
-10.0132151828745	87.88	
-9.98321518287445	87.89	
-9.95321518287446	87.90	
-9.92321518287446	87.91	
-9.89321518287446	87.92	
-9.86321518287446	87.96	
-9.83321518287446	88.01	
-9.80321518287446	88.05	
-9.77321518287446	88.10	
-9.74321518287446	88.09	
-9.71321518287446	88.06	
-9.68321518287446	88.03	
-9.65321518287446	88.00	
-9.62321518287446	87.99	
-9.59321518287446	88.04	
-9.56321518287446	88.10	
-9.53321518287446	88.15	
-9.50321518287446	88.21	
-9.47321518287447	88.19	
-9.44321518287447	88.15	
-9.41321518287447	88.11	
-9.38321518287447	88.07	
-9.35321518287447	88.06	
-9.32321518287447	88.10	
-9.29321518287447	88.13	
-9.26321518287447	88.16	
-9.23321518287447	88.19	
-9.20321518287447	88.16	
-9.17321518287447	88.14	
-9.14321518287447	88.11	
-9.11321518287447	88.08	
-9.08321518287447	88.09	
-9.05321518287447	88.12	
-9.02321518287448	88.15	
-8.99321518287448	88.18	
-8.96321518287448	88.21	
-8.93321518287448	88.22	
-8.90321518287448	88.22	
-8.87321518287448	88.23	
-8.84321518287448	88.23	
-8.81321518287448	88.25	
-8.78321518287448	88.27	
-8.75321518287448	88.29	
-8.72321518287448	88.31	
-8.69321518287448	88.31	
-8.66321518287448	88.26	
-8.63321518287448	88.20	
-8.60321518287448	88.15	
-8.57321518287448	88.10	
-8.54321518287449	88.12	
-8.51321518287449	88.15	
-8.48321518287449	88.17	
-8.45321518287449	88.20	
-8.42321518287449	88.22	
-8.39321518287449	88.23	
-8.36321518287449	88.24	
-8.33321518287449	88.25	
-8.30321518287449	88.26	
-8.27321518287449	88.26	
-8.24321518287449	88.25	
-8.21321518287449	88.25	
-8.18321518287449	88.24	
-8.15321518287449	88.22	
-8.12321518287449	88.19	
-8.09321518287449	88.16	
-8.0632151828745	88.13	
-8.0332151828745	88.12	
-8.0032151828745	88.17	
-7.9732151828745	88.22	
-7.9432151828745	88.27	
-7.9132151828745	88.32	
-7.8832151828745	88.32	
-7.8532151828745	88.32	
-7.8232151828745	88.31	
-7.7932151828745	88.30	
-7.76321518287449	88.30	
-7.73321518287449	88.29	
-7.70321518287449	88.28	
-7.67321518287449	88.27	
-7.64321518287449	88.26	
-7.61321518287449	88.25	
-7.58321518287449	88.24	
-7.55321518287449	88.24	
-7.52321518287449	88.23	
-7.49321518287449	88.21	
-7.46321518287449	88.19	
-7.43321518287449	88.17	
-7.40321518287449	88.14	
-7.37321518287449	88.14	
-7.34321518287449	88.19	
-7.31321518287449	88.25	
-7.28321518287449	88.31	
-7.25321518287449	88.36	
-7.22321518287449	88.35	
-7.19321518287449	88.32	
-7.16321518287449	88.29	
-7.13321518287449	88.26	
-7.10321518287449	88.26	
-7.07321518287449	88.28	
-7.04321518287449	88.31	
-7.01321518287449	88.33	
-6.98321518287449	88.36	
-6.95321518287449	88.38	
-6.92321518287449	88.40	
-6.89321518287449	88.41	
-6.86321518287449	88.43	
-6.83321518287449	88.45	
-6.80321518287449	88.46	
-6.77321518287449	88.46	
-6.74321518287449	88.47	
-6.71321518287449	88.49	
-6.68321518287449	88.54	
-6.65321518287449	88.60	
-6.62321518287449	88.66	
-6.59321518287449	88.72	
-6.56321518287448	88.70	
-6.53321518287448	88.65	
-6.50321518287448	88.60	
-6.47321518287448	88.55	
-6.44321518287448	88.53	
-6.41321518287448	88.59	
-6.38321518287448	88.65	
-6.35321518287448	88.70	
-6.32321518287448	88.76	
-6.29321518287448	88.80	
-6.26321518287448	88.84	
-6.23321518287448	88.88	
-6.20321518287448	88.92	
-6.17321518287448	88.92	
-6.14321518287448	88.86	
-6.11321518287448	88.81	
-6.08321518287448	88.75	
-6.05321518287448	88.69	
-6.02321518287448	88.72	
-5.99321518287448	88.75	
-5.96321518287448	88.79	
-5.93321518287448	88.82	
-5.90321518287448	88.83	
-5.87321518287448	88.84	
-5.84321518287448	88.85	
-5.81321518287448	88.86	
-5.78321518287448	88.86	
-5.75321518287448	88.81	
-5.72321518287448	88.77	
-5.69321518287448	88.72	
-5.66321518287448	88.68	
-5.63321518287448	88.71	
-5.60321518287448	88.76	
-5.57321518287448	88.81	
-5.54321518287448	88.87	
-5.51321518287448	88.91	
-5.48321518287448	88.93	
-5.45321518287448	88.95	
-5.42321518287448	88.97	
-5.39321518287448	88.98	
-5.36321518287448	88.95	
-5.33321518287447	88.92	
-5.30321518287447	88.88	
-5.27321518287447	88.85	
-5.24321518287447	88.83	
-5.21321518287447	88.83	
-5.18321518287447	88.84	
-5.15321518287447	88.84	
-5.12321518287447	88.85	
-5.09321518287447	88.81	
-5.06321518287447	88.76	
-5.03321518287447	88.72	
-5.00321518287447	88.68	
-4.97321518287447	88.71	
-4.94321518287447	88.75	
-4.91321518287447	88.80	
-4.88321518287447	88.85	
-4.85321518287447	88.88	
-4.82321518287447	88.85	
-4.79321518287447	88.81	
-4.76321518287447	88.77	
-4.73321518287447	88.74	
-4.70321518287447	88.72	
-4.67321518287447	88.70	
-4.64321518287447	88.69	
-4.61321518287447	88.67	
-4.58321518287447	88.69	
-4.55321518287447	88.75	
-4.52321518287447	88.82	
-4.49321518287447	88.88	
-4.46321518287447	88.94	
-4.43321518287447	88.96	
-4.40321518287447	88.98	
-4.37321518287447	89.00	
-4.34321518287447	89.02	
-4.31321518287447	88.98	
-4.28321518287447	88.91	
-4.25321518287447	88.84	
-4.22321518287447	88.77	
-4.19321518287447	88.72	
-4.16321518287447	88.75	
-4.13321518287446	88.78	
-4.10321518287446	88.80	
-4.07321518287446	88.83	
-4.04321518287446	88.82	
-4.01321518287446	88.80	
-3.98321518287446	88.77	
-3.95321518287446	88.74	
-3.92321518287446	88.74	
-3.89321518287446	88.78	
-3.86321518287446	88.83	
-3.83321518287446	88.87	
-3.80321518287447	88.91	
-3.77321518287447	88.86	
-3.74321518287447	88.80	
-3.71321518287447	88.74	
-3.68321518287447	88.68	
-3.65321518287447	88.64	
-3.62321518287447	88.62	
-3.59321518287447	88.60	
-3.56321518287447	88.58	
-3.53321518287447	88.57	
-3.50321518287447	88.65	
-3.47321518287447	88.74	
-3.44321518287447	88.82	
-3.41321518287447	88.91	
-3.38321518287447	88.88	
-3.35321518287447	88.79	
-3.32321518287447	88.70	
-3.29321518287447	88.61	
-3.26321518287447	88.54	
-3.23321518287447	88.58	
-3.20321518287447	88.61	
-3.17321518287447	88.65	
-3.14321518287447	88.68	
-3.11321518287447	88.70	
-3.08321518287447	88.70	
-3.05321518287447	88.71	
-3.02321518287447	88.71	
-2.99321518287447	88.73	
-2.96321518287447	88.75	
-2.93321518287447	88.77	
-2.90321518287447	88.80	
-2.87321518287447	88.82	
-2.84321518287447	88.78	
-2.81321518287447	88.74	
-2.78321518287447	88.69	
-2.75321518287447	88.65	
-2.72321518287447	88.64	
-2.69321518287447	88.65	
-2.66321518287447	88.67	
-2.63321518287447	88.68	
-2.60321518287447	88.70	
-2.57321518287447	88.73	
-2.54321518287447	88.76	
-2.51321518287447	88.78	
-2.48321518287447	88.81	
-2.45321518287447	88.79	
-2.42321518287447	88.75	
-2.39321518287447	88.70	
-2.36321518287447	88.66	
-2.33321518287447	88.64	
-2.30321518287447	88.64	
-2.27321518287448	88.64	
-2.24321518287448	88.64	
-2.21321518287448	88.65	
-2.18321518287448	88.60	
-2.15321518287448	88.55	
-2.12321518287448	88.50	
-2.09321518287448	88.44	
-2.06321518287448	88.46	
-2.03321518287448	88.56	
-2.00321518287448	88.65	
-1.97321518287448	88.74	
-1.94321518287448	88.83	
-1.91321518287448	88.79	
-1.88321518287448	88.75	
-1.85321518287448	88.71	
-1.82321518287448	88.67	
-1.79321518287448	88.64	
-1.76321518287448	88.62	
-1.73321518287448	88.59	
-1.70321518287448	88.57	
-1.67321518287448	88.56	
-1.64321518287448	88.61	
-1.61321518287448	88.65	
-1.58321518287448	88.69	
-1.55321518287448	88.73	
-1.52321518287448	88.77	
-1.49321518287448	88.80	
-1.46321518287448	88.84	
-1.43321518287448	88.87	
-1.40321518287448	88.87	
-1.37321518287448	88.81	
-1.34321518287448	88.76	
-1.31321518287448	88.70	
-1.28321518287448	88.64	
-1.25321518287448	88.65	
-1.22321518287448	88.65	
-1.19321518287448	88.66	
-1.16321518287448	88.66	
-1.13321518287448	88.66	
-1.10321518287448	88.65	
-1.07321518287448	88.65	
-1.04321518287448	88.64	
-1.01321518287448	88.63	
-0.983215182874476	88.66	
-0.953215182874476	88.68	
-0.923215182874476	88.71	
-0.893215182874476	88.73	
-0.863215182874476	88.72	
-0.833215182874476	88.69	
-0.803215182874476	88.67	
-0.773215182874476	88.64	
-0.743215182874476	88.61	
-0.713215182874476	88.58	
-0.683215182874476	88.54	
-0.653215182874476	88.51	
-0.623215182874476	88.47	
-0.593215182874476	88.47	
-0.563215182874476	88.48	
-0.533215182874476	88.49	
-0.503215182874476	88.50	
-0.473215182874476	88.51	
-0.443215182874475	88.52	
-0.413215182874475	88.53	
-0.383215182874475	88.54	
-0.353215182874475	88.55	
-0.323215182874475	88.50	
-0.293215182874475	88.45	
-0.263215182874475	88.40	
-0.233215182874475	88.35	
-0.203215182874475	88.33	
-0.173215182874475	88.33	
-0.143215182874475	88.33	
-0.113215182874475	88.34	
-0.0832151828744753	88.35	
-0.0532151828744753	88.38	
-0.0232151828744753	88.42	
0.00678481712552467	88.22	
0.0367848171255247	88.20	
0.0667848171255247	88.18	
0.0967848171255247	88.21	
0.126784817125525	88.26	
0.156784817125525	88.32	
0.186784817125525	88.37	
0.216784817125525	88.40	
0.246784817125525	88.37	
0.276784817125525	88.33	
0.306784817125525	88.30	
0.336784817125525	88.27	
0.366784817125525	88.31	
0.396784817125525	88.36	
0.426784817125525	88.42	
0.456784817125525	88.47	
0.486784817125525	88.50	
0.516784817125525	88.47	
0.546784817125525	88.45	
0.576784817125525	88.42	
0.606784817125525	88.39	
0.636784817125525	88.44	
0.666784817125525	88.48	
0.696784817125525	88.53	
0.726784817125525	88.58	
0.756784817125525	88.61	
0.786784817125525	88.64	
0.816784817125525	88.66	
0.846784817125525	88.69	
0.876784817125525	88.71	
0.906784817125525	88.70	
0.936784817125525	88.69	
0.966784817125525	88.68	
0.996784817125525	88.67	
1.02678481712553	88.69	
1.05678481712553	88.71	
1.08678481712553	88.74	
1.11678481712553	88.77	
1.14678481712553	88.79	
1.17678481712553	88.79	
1.20678481712553	88.80	
1.23678481712553	88.80	
1.26678481712553	88.80	
1.29678481712553	88.79	
1.32678481712553	88.79	
1.35678481712553	88.78	
1.38678481712553	88.77	
1.41678481712553	88.76	
1.44678481712553	88.76	
1.47678481712553	88.75	
1.50678481712553	88.74	
1.53678481712553	88.73	
1.56678481712553	88.73	
1.59678481712553	88.72	
1.62678481712553	88.71	
1.65678481712553	88.70	
1.68678481712553	88.65	
1.71678481712553	88.59	
1.74678481712553	88.52	
1.77678481712553	88.46	
1.80678481712553	88.41	
1.83678481712553	88.46	
1.86678481712553	88.51	
1.89678481712553	88.56	
1.92678481712553	88.61	
1.95678481712553	88.66	
1.98678481712553	88.71	
2.01678481712553	88.75	
2.04678481712553	88.80	
2.07678481712553	88.79	
2.10678481712553	88.72	
2.13678481712553	88.65	
2.16678481712552	88.58	
2.19678481712552	88.51	
2.22678481712552	88.52	
2.25678481712552	88.54	
2.28678481712552	88.57	
2.31678481712552	88.59	
2.34678481712552	88.60	
2.37678481712552	88.60	
2.40678481712552	88.60	
2.43678481712552	88.60	
2.46678481712552	88.60	
2.49678481712552	88.58	
2.52678481712552	88.56	
2.55678481712552	88.54	
2.58678481712552	88.52	
2.61678481712552	88.56	
2.64678481712552	88.61	
2.67678481712552	88.66	
2.70678481712552	88.71	
2.73678481712552	88.73	
2.76678481712552	88.70	
2.79678481712552	88.66	
2.82678481712552	88.63	
2.85678481712552	88.59	
2.88678481712552	88.61	
2.91678481712552	88.64	
2.94678481712552	88.66	
2.97678481712552	88.69	
3.00678481712552	88.71	
3.03678481712552	88.72	
3.06678481712552	88.74	
3.09678481712552	88.75	
3.12678481712552	88.77	
3.15678481712552	88.74	
3.18678481712552	88.71	
3.21678481712552	88.68	
3.24678481712552	88.65	
3.27678481712552	88.63	
3.30678481712552	88.62	
3.33678481712552	88.60	
3.36678481712552	88.58	
3.39678481712552	88.58	
3.42678481712552	88.61	
3.45678481712552	88.64	
3.48678481712552	88.67	
3.51678481712552	88.70	
3.54678481712552	88.71	
3.57678481712552	88.71	
3.60678481712552	88.71	
3.63678481712552	88.71	
3.66678481712552	88.71	
3.69678481712551	88.71	
3.72678481712551	88.71	
3.75678481712551	88.71	
3.78678481712551	88.71	
3.81678481712551	88.67	
3.84678481712551	88.63	
3.87678481712551	88.58	
3.90678481712551	88.54	
3.93678481712551	88.54	
3.96678481712551	88.56	
3.99678481712551	88.58	
4.02678481712551	88.61	
4.05678481712551	88.63	
4.08678481712551	88.65	
4.11678481712551	88.67	
4.14678481712551	88.69	
4.17678481712551	88.71	
4.20678481712551	88.66	
4.23678481712551	88.58	
4.26678481712552	88.50	
4.29678481712552	88.43	
4.32678481712552	88.40	
4.35678481712552	88.51	
4.38678481712552	88.61	
4.41678481712552	88.71	
4.44678481712552	88.81	
4.47678481712552	88.80	
4.50678481712552	88.76	
4.53678481712552	88.73	
4.56678481712552	88.70	
4.59678481712552	88.68	
4.62678481712552	88.69	
4.65678481712552	88.70	
4.68678481712552	88.72	
4.71678481712552	88.72	
4.74678481712552	88.63	
4.77678481712552	88.55	
4.80678481712552	88.47	
4.83678481712552	88.39	
4.86678481712552	88.36	
4.89678481712552	88.36	
4.92678481712552	88.36	
4.95678481712552	88.36	
4.98678481712552	88.38	
5.01678481712552	88.47	
5.04678481712552	88.57	
5.07678481712552	88.66	
5.10678481712552	88.75	
5.13678481712552	88.74	
5.16678481712552	88.71	
5.19678481712552	88.68	
5.22678481712552	88.65	
5.25678481712552	88.60	
5.28678481712552	88.53	
5.31678481712552	88.45	
5.34678481712552	88.38	
5.37678481712552	88.31	
5.40678481712552	88.37	
5.43678481712552	88.43	
5.46678481712553	88.49	
5.49678481712553	88.55	
5.52678481712553	88.58	
5.55678481712553	88.59	
5.58678481712553	88.61	
5.61678481712553	88.62	
5.64678481712553	88.62	
5.67678481712553	88.59	
5.70678481712553	88.55	
5.73678481712553	88.52	
5.76678481712553	88.49	
5.79678481712553	88.47	
5.82678481712553	88.45	
5.85678481712553	88.43	
5.88678481712553	88.41	
5.91678481712553	88.42	
5.94678481712553	88.46	
5.97678481712553	88.51	
6.00678481712553	88.55	
6.03678481712553	88.59	
6.06678481712553	88.57	
6.09678481712553	88.55	
6.12678481712553	88.52	
6.15678481712553	88.50	
6.18678481712553	88.47	
6.21678481712553	88.45	
6.24678481712553	88.42	
6.27678481712553	88.40	
6.30678481712553	88.38	
6.33678481712553	88.39	
6.36678481712553	88.41	
6.39678481712553	88.42	
6.42678481712553	88.44	
6.45678481712553	88.43	
6.48678481712553	88.41	
6.51678481712553	88.40	
6.54678481712553	88.38	
6.57678481712553	88.36	
6.60678481712553	88.36	
6.63678481712553	88.35	
6.66678481712554	88.34	
6.69678481712554	88.34	
6.72678481712554	88.29	
6.75678481712554	88.24	
6.78678481712554	88.19	
6.81678481712554	88.14	
6.84678481712554	88.10	
6.87678481712554	88.09	
6.90678481712554	88.09	
6.93678481712554	88.08	
6.96678481712554	88.07	
6.99678481712554	88.10	
7.02678481712554	88.13	
7.05678481712554	88.16	
7.08678481712554	88.19	
7.11678481712554	88.17	
7.14678481712554	88.10	
7.17678481712554	88.04	
7.20678481712554	87.97	
7.23678481712554	87.92	
7.26678481712554	87.96	
7.29678481712554	88.00	
7.32678481712554	88.03	
7.35678481712554	88.07	
7.38678481712554	88.05	
7.41678481712554	88.01	
7.44678481712554	87.98	
7.47678481712554	87.94	
7.50678481712554	87.95	
7.53678481712554	88.02	
7.56678481712554	88.10	
7.59678481712554	88.17	
7.62678481712554	88.25	
7.65678481712554	88.19	
7.68678481712554	88.12	
7.71678481712554	88.05	
7.74678481712554	87.99	
7.77678481712554	87.93	
7.80678481712554	87.88	
7.83678481712554	87.84	
7.86678481712555	87.79	
7.89678481712555	87.76	
7.92678481712555	87.83	
7.95678481712555	87.90	
7.98678481712555	87.97	
8.01678481712555	88.04	
8.04678481712554	88.06	
8.07678481712554	88.05	
8.10678481712554	88.04	
8.13678481712554	88.03	
8.16678481712554	88.02	
8.19678481712554	88.01	
8.22678481712554	88.00	
8.25678481712554	88.00	
8.28678481712554	87.99	
8.31678481712554	87.97	
8.34678481712554	87.95	
8.37678481712554	87.94	
8.40678481712554	87.92	
8.43678481712554	87.89	
8.46678481712554	87.85	
8.49678481712554	87.81	
8.52678481712553	87.77	
8.55678481712553	87.73	
8.58678481712553	87.76	
8.61678481712553	87.80	
8.64678481712553	87.84	
8.67678481712553	87.88	
8.70678481712553	87.90	
8.73678481712553	87.90	
8.76678481712553	87.90	
8.79678481712553	87.91	
8.82678481712553	87.90	
8.85678481712553	87.86	
8.88678481712553	87.82	
8.91678481712553	87.78	
8.94678481712553	87.74	
8.97678481712552	87.71	
9.00678481712552	87.68	
9.03678481712552	87.65	
9.06678481712552	87.62	
9.09678481712552	87.63	
9.12678481712552	87.71	
9.15678481712552	87.78	
9.18678481712552	87.86	
9.21678481712552	87.94	
9.24678481712552	87.91	
9.27678481712552	87.87	
9.30678481712552	87.84	
9.33678481712552	87.80	
9.36678481712552	87.77	
9.39678481712552	87.75	
9.42678481712552	87.72	
9.45678481712551	87.70	
9.48678481712551	87.68	
9.51678481712551	87.68	
9.54678481712551	87.68	
9.57678481712551	87.68	
9.60678481712551	87.69	
9.63678481712551	87.71	
9.66678481712551	87.74	
9.69678481712551	87.78	
9.72678481712551	87.81	
9.75678481712551	87.83	
9.78678481712551	87.80	
9.81678481712551	87.77	
9.84678481712551	87.74	
9.87678481712551	87.71	
9.90678481712551	87.65	
9.9367848171255	87.59	
9.9667848171255	87.53	
9.9967848171255	87.47	
10.0267848171255	87.45	
10.0567848171255	87.50	
10.0867848171255	87.54	
10.1167848171255	87.58	
10.1467848171255	87.62	
10.1767848171255	87.58	
10.2067848171255	87.54	
10.2367848171255	87.50	
10.2667848171255	87.47	
10.2967848171255	87.44	
10.3267848171255	87.42	
10.3567848171255	87.40	
10.3867848171255	87.38	
10.4167848171255	87.37	
10.4467848171255	87.38	
10.4767848171255	87.40	
10.5067848171255	87.42	
10.5367848171255	87.44	
10.5667848171255	87.43	
10.5967848171255	87.42	
10.6267848171255	87.41	
10.6567848171255	87.40	
10.6867848171255	87.40	
10.7167848171255	87.44	
10.7467848171255	87.47	
10.7767848171255	87.51	
10.8067848171255	87.54	
10.8367848171255	87.52	
10.8667848171255	87.49	
10.8967848171255	87.47	
10.9267848171255	87.44	
10.9567848171255	87.43	
10.9867848171255	87.43	
11.0167848171255	87.43	
11.0467848171255	87.44	
11.0767848171255	87.44	
11.1067848171255	87.46	
11.1367848171255	87.48	
11.1667848171255	87.49	
11.1967848171255	87.51	
11.2267848171255	87.52	
11.2567848171255	87.52	
11.2867848171255	87.53	
11.3167848171255	87.53	
11.3467848171255	87.53	
11.3767848171255	87.52	
11.4067848171255	87.51	
11.4367848171255	87.50	
11.4667848171255	87.49	
11.4967848171255	87.51	
11.5267848171255	87.53	
11.5567848171255	87.55	
11.5867848171255	87.57	
11.6167848171255	87.58	
11.6467848171255	87.56	
11.6767848171255	87.55	
11.7067848171255	87.53	
11.7367848171255	87.52	
11.7667848171255	87.53	
11.7967848171255	87.53	
11.8267848171255	87.54	
11.8567848171255	87.55	
11.8867848171255	87.56	
11.9167848171255	87.57	
11.9467848171255	87.58	
11.9767848171255	87.60	
12.0067848171255	87.61	
12.0367848171255	87.63	
12.0667848171255	87.65	
12.0967848171255	87.68	
12.1267848171255	87.70	
12.1567848171255	87.69	
12.1867848171255	87.67	
12.2167848171255	87.65	
12.2467848171255	87.64	
12.2767848171255	87.62	
12.3067848171255	87.61	
12.3367848171255	87.59	
12.3667848171255	87.58	
12.3967848171255	87.56	
12.4267848171255	87.58	
12.4567848171255	87.59	
12.4867848171255	87.61	
12.5167848171254	87.62	
12.5467848171254	87.65	
12.5767848171254	87.69	
12.6067848171254	87.73	
12.6367848171254	87.77	
12.6667848171254	87.81	
12.6967848171254	87.77	
12.7267848171254	87.74	
12.7567848171254	87.71	
12.7867848171254	87.67	
12.8167848171254	87.68	
12.8467848171254	87.71	
12.8767848171254	87.74	
12.9067848171254	87.77	
12.9367848171254	87.80	
12.9667848171254	87.81	
12.9967848171254	87.82	
13.0267848171254	87.83	
13.0567848171254	87.84	
13.0867848171254	87.82	
13.1167848171254	87.80	
13.1467848171254	87.78	
13.1767848171254	87.75	
13.2067848171254	87.75	
13.2367848171254	87.79	
13.2667848171254	87.83	
13.2967848171254	87.88	
13.3267848171254	87.92	
13.3567848171254	87.96	
13.3867848171254	87.99	
13.4167848171254	88.03	
13.4467848171254	88.07	
13.4767848171254	88.09	
13.5067848171254	88.10	
13.5367848171254	88.11	
13.5667848171254	88.12	
13.5967848171254	88.12	
13.6267848171254	88.07	
13.6567848171254	88.02	
13.6867848171254	87.97	
13.7167848171254	87.92	
13.7467848171254	87.90	
13.7767848171254	87.88	
13.8067848171254	87.87	
13.8367848171254	87.85	
13.8667848171254	87.86	
13.8967848171254	87.92	
13.9267848171254	87.97	
13.9567848171254	88.03	
13.9867848171254	88.08	
14.0167848171254	88.09	
14.0467848171254	88.09	
14.0767848171254	88.10	
14.1067848171254	88.10	
14.1367848171254	88.11	
14.1667848171254	88.12	
14.1967848171254	88.14	
14.2267848171254	88.15	
14.2567848171254	88.17	
14.2867848171254	88.21	
14.3167848171254	88.25	
14.3467848171254	88.28	
14.3767848171254	88.32	
14.4067848171254	88.30	
14.4367848171254	88.26	
14.4667848171254	88.22	
14.4967848171254	88.17	
14.5267848171254	88.16	
14.5567848171254	88.20	
14.5867848171254	88.25	
14.6167848171254	88.30	
14.6467848171254	88.35	
14.6767848171254	88.36	
14.7067848171254	88.36	
14.7367848171254	88.35	
14.7667848171254	88.35	
14.7967848171254	88.33	
14.8267848171254	88.29	
14.8567848171254	88.24	
14.8867848171254	88.20	
14.9167848171254	88.15	
14.9467848171254	88.24	
14.9767848171254	88.34	
15.0067848171254	88.43	
15.0367848171254	88.52	
15.0667848171254	88.55	
15.0967848171254	88.54	
15.1267848171254	88.54	
15.1567848171254	88.53	
15.1867848171254	88.53	
15.2167848171254	88.54	
15.2467848171254	88.55	
15.2767848171254	88.57	
15.3067848171254	88.58	
15.3367848171254	88.60	
15.3667848171254	88.63	
15.3967848171254	88.65	
15.4267848171254	88.68	
15.4567848171254	88.70	
15.4867848171254	88.70	
15.5167848171254	88.69	
15.5467848171254	88.69	
15.5767848171254	88.69	
15.6067848171254	88.68	
15.6367848171254	88.66	
15.6667848171254	88.64	
15.6967848171254	88.62	
15.7267848171254	88.61	
15.7567848171254	88.62	
15.7867848171254	88.63	
15.8167848171254	88.65	
15.8467848171254	88.66	
15.8767848171254	88.68	
15.9067848171254	88.69	
15.9367848171254	88.71	
15.9667848171254	88.73	
15.9967848171254	88.72	
16.0267848171254	88.71	
16.0567848171254	88.69	
16.0867848171254	88.67	
16.1167848171254	88.65	
16.1467848171254	88.62	
16.1767848171254	88.59	
16.2067848171254	88.57	
16.2367848171254	88.54	
16.2667848171254	88.60	
16.2967848171254	88.67	
16.3267848171254	88.75	
16.3567848171254	88.83	
16.3867848171254	88.85	
16.4167848171254	88.80	
16.4467848171254	88.74	
16.4767848171254	88.69	
16.5067848171254	88.63	
16.5367848171254	88.62	
16.5667848171254	88.60	
16.5967848171254	88.59	
16.6267848171254	88.57	
16.6567848171254	88.57	
16.6867848171254	88.58	
16.7167848171254	88.58	
16.7467848171254	88.59	
16.7767848171254	88.59	
16.8067848171254	88.60	
16.8367848171254	88.60	
16.8667848171254	88.60	
16.8967848171254	88.60	
16.9267848171254	88.58	
16.9567848171254	88.54	
16.9867848171254	88.51	
17.0167848171254	88.48	
17.0467848171254	88.46	
17.0767848171254	88.44	
17.1067848171254	88.42	
17.1367848171254	88.41	
17.1667848171254	88.39	
17.1967848171254	88.43	
17.2267848171254	88.46	
17.2567848171254	88.50	
17.2867848171254	88.54	
17.3167848171254	88.54	
17.3467848171254	88.51	
17.3767848171254	88.48	
17.4067848171254	88.45	
17.4367848171254	88.42	
17.4667848171254	88.44	
17.4967848171254	88.46	
17.5267848171254	88.48	
17.5567848171254	88.50	
17.5867848171254	88.50	
17.6167848171254	88.50	
17.6467848171254	88.49	
17.6767848171254	88.49	
17.7067848171254	88.48	
17.7367848171254	88.46	
17.7667848171254	88.44	
17.7967848171254	88.42	
17.8267848171254	88.40	
17.8567848171254	88.39	
17.8867848171254	88.38	
17.9167848171254	88.38	
17.9467848171254	88.37	
17.9767848171254	88.39	
18.0067848171255	88.43	
18.0367848171255	88.46	
18.0667848171255	88.50	
18.0967848171255	88.54	
18.1267848171255	88.52	
18.1567848171255	88.50	
18.1867848171255	88.47	
18.2167848171255	88.45	
18.2467848171255	88.42	
18.2767848171255	88.38	
18.3067848171255	88.34	
18.3367848171255	88.30	
18.3667848171255	88.27	
18.3967848171255	88.27	
18.4267848171255	88.28	
18.4567848171255	88.28	
18.4867848171255	88.29	
18.5167848171255	88.29	
18.5467848171255	88.28	
18.5767848171255	88.28	
18.6067848171255	88.27	
18.6367848171255	88.27	
18.6667848171255	88.28	
18.6967848171255	88.28	
18.7267848171255	88.29	
18.7567848171255	88.30	
18.7867848171255	88.28	
18.8167848171255	88.26	
18.8467848171255	88.24	
18.8767848171255	88.22	
18.9067848171255	88.22	
18.9367848171255	88.23	
18.9667848171255	88.24	
18.9967848171255	88.25	
19.0267848171255	88.26	
19.0567848171255	88.25	
19.0867848171255	88.24	
19.1167848171255	88.23	
19.1467848171255	88.23	
19.1767848171255	88.23	
19.2067848171255	88.23	
19.2367848171255	88.24	
19.2667848171255	88.25	
19.2967848171255	88.25	
19.3267848171255	88.23	
19.3567848171255	88.21	
19.3867848171255	88.19	
19.4167848171255	88.17	
19.4467848171255	88.20	
19.4767848171255	88.23	
19.5067848171255	88.26	
19.5367848171255	88.30	
19.5667848171255	88.33	
19.5967848171255	88.35	
19.6267848171255	88.38	
19.6567848171255	88.41	
19.6867848171255	88.43	
19.7167848171255	88.38	
19.7467848171255	88.32	
19.7767848171255	88.27	
19.8067848171255	88.21	
19.8367848171255	88.22	
19.8667848171255	88.26	
19.8967848171255	88.30	
19.9267848171255	88.35	
19.9567848171255	88.39	
19.9867848171255	88.41	
20.0167848171255	88.43	
20.0467848171255	88.45	
20.0767848171255	88.47	
20.1067848171255	88.46	
20.1367848171255	88.44	
20.1667848171255	88.42	
20.1967848171255	88.40	
20.2267848171255	88.38	
20.2567848171255	88.36	
20.2867848171255	88.35	
20.3167848171255	88.34	
20.3467848171255	88.32	
20.3767848171255	88.32	
20.4067848171255	88.31	
20.4367848171255	88.31	
20.4667848171255	88.30	
20.4967848171255	88.32	
20.5267848171255	88.35	
20.5567848171255	88.38	
20.5867848171255	88.41	
20.6167848171255	88.44	
20.6467848171256	88.43	
20.6767848171256	88.42	
20.7067848171256	88.41	
20.7367848171256	88.40	
20.7667848171256	88.41	
20.7967848171256	88.43	
20.8267848171256	88.45	
20.8567848171256	88.47	
20.8867848171256	88.49	
20.9167848171256	88.52	
20.9467848171256	88.55	
20.9767848171256	88.58	
21.0067848171256	88.62	
21.0367848171256	88.60	
21.0667848171256	88.57	
21.0967848171256	88.55	
21.1267848171256	88.52	
21.1567848171256	88.52	
21.1867848171256	88.57	
21.2167848171256	88.61	
21.2467848171256	88.65	
21.2767848171256	88.69	
21.3067848171256	88.70	
21.3367848171256	88.71	
21.3667848171256	88.72	
21.3967848171256	88.72	
21.4267848171256	88.82	
21.4567848171256	88.96	
21.4867848171256	89.11	
21.5167848171256	89.26	
21.5467848171256	89.39	
21.5767848171256	89.46	
21.6067848171256	89.52	
21.6367848171256	89.59	
21.6667848171256	89.66	
21.6967848171256	89.71	
21.7267848171256	89.76	
21.7567848171256	89.82	
21.7867848171256	89.87	
21.8167848171256	89.93	
21.8467848171256	90.01	
21.8767848171256	90.10	
21.9067848171256	90.18	
21.9367848171256	90.26	
21.9667848171256	90.34	
21.9967848171256	90.41	
22.0267848171256	90.48	
22.0567848171256	90.55	
22.0867848171256	90.64	
22.1167848171256	90.74	
22.1467848171256	90.84	
22.1767848171256	90.95	
22.2067848171256	91.04	
22.2367848171256	91.06	
22.2667848171256	91.08	
22.2967848171256	91.10	
22.3267848171256	91.12	
22.3567848171256	91.16	
22.3867848171256	91.22	
22.4167848171256	91.28	
22.4467848171256	91.34	
22.4767848171256	91.38	
22.5067848171256	91.38	
22.5367848171256	91.38	
22.5667848171256	91.38	
22.5967848171256	91.39	
22.6267848171256	91.43	
22.6567848171256	91.49	
22.6867848171256	91.54	
22.7167848171256	91.59	
22.7467848171256	91.60	
22.7767848171256	91.56	
22.8067848171256	91.53	
22.8367848171256	91.49	
22.8667848171256	91.45	
22.8967848171256	91.40	
22.9267848171256	91.35	
22.9567848171256	91.29	
22.9867848171256	91.24	
23.0167848171256	91.19	
23.0467848171256	91.15	
23.0767848171256	91.10	
23.1067848171256	91.06	
23.1367848171256	91.01	
23.1667848171256	90.97	
23.1967848171256	90.93	
23.2267848171256	90.89	
23.2567848171256	90.85	
23.2867848171257	90.77	
23.3167848171257	90.66	
23.3467848171257	90.56	
23.3767848171257	90.46	
23.4067848171257	90.37	
23.4367848171257	90.31	
23.4667848171257	90.25	
23.4967848171257	90.19	
23.5267848171257	90.14	
23.5567848171257	90.05	
23.5867848171257	89.95	
23.6167848171257	89.86	
23.6467848171257	89.77	
23.6767848171257	89.68	
23.7067848171257	89.59	
23.7367848171257	89.50	
23.7667848171257	89.41	
23.7967848171257	89.32	
23.8267848171257	89.20	
23.8567848171257	89.08	
23.8867848171257	88.97	
23.9167848171257	88.85	
23.9467848171257	88.75	
23.9767848171257	88.64	
24.0067848171257	88.54	
24.0367848171257	88.44	
24.0667848171257	88.31	
24.0967848171257	88.08	
24.1267848171257	87.86	
24.1567848171257	87.63	
24.1867848171257	87.40	
24.2167848171257	87.23	
24.2467848171257	87.07	
24.2767848171257	86.92	
24.3067848171257	86.76	
24.3367848171257	86.58	
24.3667848171257	86.37	
24.3967848171257	86.16	
24.4267848171257	85.96	
24.4567848171257	85.75	
24.4867848171257	85.45	
24.5167848171257	85.15	
24.5467848171257	84.85	
24.5767848171257	84.55	
24.6067848171257	84.26	
24.6367848171257	83.98	
24.6667848171257	83.71	
24.6967848171257	83.43	
24.7267848171257	83.12	
24.7567848171257	82.70	
24.7867848171257	82.28	
24.8167848171257	81.85	
24.8467848171257	81.43	
24.8767848171257	81.04	
24.9067848171257	80.67	
24.9367848171257	80.29	
24.9667848171257	79.92	
24.9967848171257	79.50	
25.0267848171257	79.02	
25.0567848171257	78.55	
25.0867848171257	78.07	
25.1167848171257	77.60	
25.1467848171257	77.13	
25.1767848171257	76.67	
25.2067848171257	76.20	
25.2367848171257	75.73	
25.2667848171257	75.26	
25.2967848171257	74.79	
25.3267848171257	74.31	
25.3567848171257	73.84	
25.3867848171257	73.37	
25.4167848171257	72.96	
25.4467848171257	72.55	
25.4767848171257	72.14	
25.5067848171257	71.73	
25.5367848171257	71.28	
25.5667848171257	70.83	
25.5967848171257	70.37	
25.6267848171257	69.91	
25.6567848171257	69.46	
25.6867848171257	69.00	
25.7167848171257	68.54	
25.7467848171257	68.09	
25.7767848171257	67.63	
25.8067848171257	67.20	
25.8367848171257	66.78	
25.8667848171257	66.35	
25.8967848171257	65.93	
25.9267848171258	65.51	
25.9567848171258	65.10	
25.9867848171258	64.69	
26.0167848171258	64.28	
26.0467848171258	63.87	
26.0767848171258	63.44	
26.1067848171258	63.01	
26.1367848171258	62.59	
26.1667848171258	62.16	
26.1967848171258	61.71	
26.2267848171258	61.24	
26.2567848171258	60.78	
26.2867848171258	60.31	
26.3167848171258	59.80	
26.3467848171258	59.06	
26.3767848171258	58.32	
26.4067848171258	57.58	
26.4367848171258	56.84	
26.4667848171258	56.02	
26.4967848171258	55.17	
26.5267848171258	54.32	
26.5567848171258	53.48	
26.5867848171258	52.56	
26.6167848171258	51.52	
26.6467848171258	50.49	
26.6767848171258	49.45	
26.7067848171258	48.41	
26.7367848171258	47.11	
26.7667848171258	45.78	
26.7967848171258	44.45	
26.8267848171258	43.13	
26.8567848171258	41.74	
26.8867848171258	40.30	
26.9167848171258	38.86	
26.9467848171258	37.42	
26.9767848171258	35.98	
27.0067848171258	34.55	
27.0367848171258	33.13	
27.0667848171258	31.71	
27.0967848171258	30.29	
27.1267848171258	28.99	
27.1567848171258	27.74	
27.1867848171258	26.49	
27.2167848171258	25.24	
27.2467848171258	24.05	
27.2767848171258	22.96	
27.3067848171258	21.88	
27.3367848171258	20.80	
27.3667848171258	19.72	
27.3967848171258	18.82	
27.4267848171258	17.96	
27.4567848171258	17.11	
27.4867848171258	16.25	
27.5167848171258	15.51	
27.5467848171258	14.93	
27.5767848171258	14.34	
27.6067848171258	13.76	
27.6367848171258	13.18	
27.6667848171258	12.78	
27.6967848171258	12.38	
27.7267848171258	11.98	
27.7567848171258	11.58	
27.7867848171258	11.25	
27.8167848171258	10.98	
27.8467848171258	10.71	
27.8767848171258	10.43	
27.9067848171258	10.18	
27.9367848171258	10.02	
27.9667848171258	9.86	
27.9967848171258	9.70	
28.0267848171258	9.54	
28.0567848171258	9.39	
28.0867848171258	9.25	
28.1167848171258	9.11	
28.1467848171258	8.96	
28.1767848171258	8.84	
28.2067848171258	8.75	
28.2367848171258	8.66	
28.2667848171258	8.56	
28.2967848171258	8.47	
28.3267848171258	8.36	
28.3567848171258	8.24	
28.3867848171258	8.12	
28.4167848171258	8.00	
28.4467848171258	7.90	
28.4767848171258	7.83	
28.5067848171258	7.76	
28.5367848171258	7.68	
28.5667848171259	7.61	
28.5967848171259	7.56	
28.6267848171259	7.51	
28.6567848171259	7.45	
28.6867848171259	7.40	
28.7167848171259	7.34	
28.7467848171259	7.28	
28.7767848171259	7.21	
28.8067848171259	7.15	
28.8367848171259	7.09	
28.8667848171259	7.03	
28.8967848171259	6.97	
28.9267848171259	6.91	
28.9567848171259	6.86	
28.9867848171259	6.80	
29.0167848171259	6.75	
29.0467848171259	6.70	
29.0767848171259	6.65	
29.1067848171259	6.60	
29.1367848171259	6.55	
29.1667848171259	6.50	
29.1967848171259	6.46	
29.2267848171259	6.41	
29.2567848171259	6.38	
29.2867848171259	6.34	
29.3167848171259	6.31	
29.3467848171259	6.27	
29.3767848171259	6.23	
29.4067848171259	6.19	
29.4367848171259	6.15	
29.4667848171259	6.11	
29.4967848171259	6.07	
29.5267848171259	6.02	
29.5567848171259	5.97	
29.5867848171259	5.92	
29.6167848171259	5.86	
29.6467848171259	5.82	
29.6767848171259	5.78	
29.7067848171259	5.74	
29.7367848171259	5.70	
29.7667848171259	5.67	
29.7967848171259	5.64	
29.8267848171259	5.61	
29.8567848171259	5.59	
29.8867848171259	5.56	
29.9167848171259	5.51	
29.9467848171259	5.46	
29.9767848171259	5.40	
30.0067848171259	5.35	
30.0367848171259	5.32	
30.0667848171259	5.30	
30.0967848171259	5.28	
30.1267848171259	5.27	
30.1567848171259	5.24	
30.1867848171259	5.19	
30.2167848171259	5.13	
30.2467848171259	5.08	
30.2767848171259	5.02	
30.3067848171259	5.00	
30.3367848171259	4.98	
30.3667848171259	4.97	
30.3967848171259	4.96	
30.4267848171259	4.94	
30.4567848171259	4.90	
30.4867848171259	4.86	
30.5167848171259	4.82	
30.5467848171259	4.79	
30.5767848171259	4.76	
30.6067848171259	4.73	
30.6367848171259	4.71	
30.6667848171259	4.68	
30.6967848171259	4.65	
30.7267848171259	4.63	
30.7567848171259	4.61	
30.7867848171259	4.58	
30.8167848171259	4.56	
30.8467848171259	4.52	
30.8767848171259	4.49	
30.9067848171259	4.45	
30.9367848171259	4.42	
30.9667848171259	4.38	
30.9967848171259	4.35	
31.0267848171259	4.32	
31.0567848171259	4.29	
31.0867848171259	4.27	
31.1167848171259	4.24	
31.1467848171259	4.22	
31.1767848171259	4.20	
31.206784817126	4.18	
31.236784817126	4.15	
31.266784817126	4.11	
