29-Jul-2015 17:18:35

Radiation device:	U09 Accelerator
Energy:	6 MV
Controller:	CCU
Measurement device:	NWP484841
Field detector:	Thimble
Reference detector:	Thimble
SAD:	1000 mm
SSD:	1000 mm
Field size:	100 x 100 mm
Gantry angle:	0
Measurement medium:	Water
Scan type:	Beam
Scan mode:	Continuous

Points [mm]:
Inline	Crossline	Depth	Normalized field	Current field	Ratio
0.0	0.0	309.4	25.0	68196	25.2
0.0	0.0	308.3	25.2	68797	25.4
0.0	0.0	307.6	25.2	68923	25.4
0.0	0.0	306.6	25.3	69083	25.5
0.0	0.0	305.9	25.5	69721	25.7
0.0	0.0	305.5	25.6	70023	25.7
0.0	0.0	305.1	25.6	70050	25.7
0.0	0.0	304.5	25.6	70076	25.7
0.0	0.0	303.9	25.7	70165	25.8
0.0	0.0	303.3	25.8	70546	25.9
0.0	0.0	302.7	25.9	70842	26.1
0.0	0.0	302.1	26.1	71274	26.2
0.0	0.0	301.6	26.0	71089	26.1
0.0	0.0	301.0	26.2	71507	26.3
0.0	0.0	300.5	26.2	71645	26.4
0.0	0.0	300.0	26.2	71462	26.3
0.0	0.0	299.5	26.4	72145	26.6
0.0	0.0	299.0	26.4	72163	26.5
0.0	0.0	298.5	26.5	72384	26.6
0.0	0.0	298.0	26.6	72752	26.7
0.0	0.0	297.4	26.5	72390	26.7
0.0	0.0	296.9	26.7	73016	26.9
0.0	0.0	296.4	27.0	73771	27.1
0.0	0.0	295.9	26.8	73354	26.9
0.0	0.0	295.4	26.9	73613	27.0
0.0	0.0	294.9	26.9	73505	26.9
0.0	0.0	294.4	27.0	73745	26.9
0.0	0.0	293.9	27.2	74288	27.3
0.0	0.0	293.4	27.3	74659	27.4
0.0	0.0	292.9	27.4	74808	27.5
0.0	0.0	292.3	27.4	74847	27.5
0.0	0.0	291.8	27.6	75283	27.6
0.0	0.0	291.3	27.6	75432	27.7
0.0	0.0	290.8	27.8	75902	27.8
0.0	0.0	290.3	27.7	75789	27.8
0.0	0.0	289.8	27.7	75718	27.7
0.0	0.0	289.3	27.9	76362	27.9
0.0	0.0	288.8	28.0	76529	28.1
0.0	0.0	288.2	28.0	76632	28.1
0.0	0.0	287.7	28.0	76474	28.1
0.0	0.0	287.2	28.2	77040	28.2
0.0	0.0	286.7	28.2	77042	28.3
0.0	0.0	286.1	28.4	77527	28.5
0.0	0.0	285.6	28.7	78322	28.7
0.0	0.0	285.1	28.5	77844	28.6
0.0	0.0	284.6	28.5	77828	28.5
0.0	0.0	284.1	28.6	78117	28.6
0.0	0.0	283.6	28.6	78148	28.6
0.0	0.0	283.1	28.7	78305	28.8
0.0	0.0	282.6	28.8	78604	28.9
0.0	0.0	282.1	28.9	79095	29.0
0.0	0.0	281.6	29.0	79321	29.0
0.0	0.0	281.2	29.1	79543	29.2
0.0	0.0	280.7	29.2	79697	29.3
0.0	0.0	280.2	29.4	80203	29.4
0.0	0.0	279.7	29.4	80208	29.4
0.0	0.0	279.2	29.4	80225	29.4
0.0	0.0	278.7	29.6	80834	29.6
0.0	0.0	278.2	29.6	80812	29.5
0.0	0.0	277.6	29.6	80897	29.6
0.0	0.0	277.1	29.9	81646	30.0
0.0	0.0	276.5	30.1	82182	30.2
0.0	0.0	276.0	30.1	82299	30.2
0.0	0.0	275.4	30.0	81900	30.1
0.0	0.0	274.8	30.1	82114	30.1
0.0	0.0	274.3	30.1	82119	30.2
0.0	0.0	273.8	30.4	83083	30.5
0.0	0.0	273.3	30.3	82892	30.4
0.0	0.0	272.7	30.6	83496	30.7
0.0	0.0	272.2	30.6	83491	30.6
0.0	0.0	271.7	30.4	83140	30.4
0.0	0.0	271.3	30.7	83849	30.8
0.0	0.0	270.8	30.7	83811	30.7
0.0	0.0	270.2	31.0	84681	31.0
0.0	0.0	269.7	30.9	84360	31.0
0.0	0.0	269.2	30.9	84312	30.9
0.0	0.0	268.7	31.0	84645	31.0
0.0	0.0	268.2	31.2	85187	31.3
0.0	0.0	267.7	31.4	85661	31.4
0.0	0.0	267.2	31.3	85634	31.4
0.0	0.0	266.7	31.4	85853	31.4
0.0	0.0	266.2	31.7	86497	31.6
0.0	0.0	265.7	31.6	86207	31.6
0.0	0.0	265.2	31.5	86079	31.6
0.0	0.0	264.7	31.7	86556	31.7
0.0	0.0	264.2	31.9	87141	31.9
0.0	0.0	263.7	32.0	87482	32.1
0.0	0.0	263.2	32.0	87427	32.0
0.0	0.0	262.7	32.1	87725	32.1
0.0	0.0	262.1	32.3	88135	32.3
0.0	0.0	261.6	32.4	88557	32.3
0.0	0.0	261.1	32.4	88495	32.4
0.0	0.0	260.5	32.6	88957	32.6
0.0	0.0	260.0	32.6	88942	32.5
0.0	0.0	259.5	32.8	89692	32.7
0.0	0.0	259.0	33.0	90107	33.0
0.0	0.0	258.5	33.0	90142	32.9
0.0	0.0	257.9	32.9	90007	32.9
0.0	0.0	257.4	33.2	90686	33.1
0.0	0.0	256.8	33.2	90804	33.2
0.0	0.0	256.3	33.4	91221	33.3
0.0	0.0	255.8	33.5	91506	33.5
0.0	0.0	255.3	33.5	91566	33.5
0.0	0.0	254.8	33.5	91489	33.5
0.0	0.0	254.3	33.6	91798	33.7
0.0	0.0	253.8	33.7	92204	33.8
0.0	0.0	253.3	34.1	93057	34.0
0.0	0.0	252.8	34.0	92786	34.0
0.0	0.0	252.3	33.9	92579	34.1
0.0	0.0	251.7	33.9	92648	34.1
0.0	0.0	251.2	34.1	93252	34.1
0.0	0.0	250.7	34.3	93607	34.3
0.0	0.0	250.2	34.7	94770	34.7
0.0	0.0	249.7	34.4	94035	34.4
0.0	0.0	249.2	34.6	94629	34.7
0.0	0.0	248.7	34.7	94901	34.9
0.0	0.0	248.2	34.6	94632	34.7
0.0	0.0	247.7	34.8	95088	34.8
0.0	0.0	247.1	34.9	95372	34.9
0.0	0.0	246.6	35.0	95677	35.1
0.0	0.0	246.1	35.0	95748	35.1
0.0	0.0	245.6	35.3	96352	35.3
0.0	0.0	245.1	35.4	96754	35.4
0.0	0.0	244.5	35.4	96818	35.5
0.0	0.0	244.0	35.4	96859	35.6
0.0	0.0	243.5	35.6	97217	35.6
0.0	0.0	243.0	35.7	97581	35.8
0.0	0.0	242.4	35.8	97917	35.9
0.0	0.0	241.9	36.0	98396	36.0
0.0	0.0	241.4	36.2	98880	36.2
0.0	0.0	240.9	36.3	99271	36.4
0.0	0.0	240.4	36.5	99697	36.5
0.0	0.0	239.9	36.4	99325	36.4
0.0	0.0	239.3	36.3	99248	36.3
0.0	0.0	238.8	36.4	99587	36.5
0.0	0.0	238.3	36.7	100307	36.7
0.0	0.0	237.8	36.8	100564	36.8
0.0	0.0	237.3	36.9	100923	36.9
0.0	0.0	236.7	37.1	101335	37.1
0.0	0.0	236.2	37.3	101826	37.2
0.0	0.0	235.7	37.5	102421	37.5
0.0	0.0	235.2	37.3	102031	37.3
0.0	0.0	234.6	37.4	102153	37.4
0.0	0.0	234.1	37.6	102782	37.6
0.0	0.0	233.6	37.7	102908	37.7
0.0	0.0	233.1	37.7	103010	37.7
0.0	0.0	232.6	38.0	103797	37.8
0.0	0.0	232.0	38.2	104488	38.1
0.0	0.0	231.5	38.1	104065	38.0
0.0	0.0	231.0	38.0	103945	37.9
0.0	0.0	230.5	38.2	104365	38.0
0.0	0.0	229.9	38.4	105036	38.5
0.0	0.0	229.4	38.5	105241	38.6
0.0	0.0	228.9	38.7	105817	38.8
0.0	0.0	228.4	38.8	106066	38.7
0.0	0.0	227.9	38.8	105974	38.7
0.0	0.0	227.4	38.9	106166	38.8
0.0	0.0	226.8	39.2	106994	39.2
0.0	0.0	226.3	39.1	106710	39.0
0.0	0.0	225.8	39.2	107085	39.2
0.0	0.0	225.3	39.4	107656	39.3
0.0	0.0	224.8	39.4	107672	39.4
0.0	0.0	224.3	39.6	108180	39.6
0.0	0.0	223.7	39.8	108766	39.6
0.0	0.0	223.2	39.8	108759	39.8
0.0	0.0	222.7	39.8	108845	39.9
0.0	0.0	222.2	40.0	109326	40.0
0.0	0.0	221.7	40.0	109304	40.0
0.0	0.0	221.1	40.1	109690	40.2
0.0	0.0	220.6	40.4	110375	40.5
0.0	0.0	220.1	40.5	110795	40.6
0.0	0.0	219.6	40.7	111204	40.7
0.0	0.0	219.1	40.7	111075	40.7
0.0	0.0	218.6	40.8	111397	40.7
0.0	0.0	218.0	40.9	111821	40.9
0.0	0.0	217.5	41.0	111923	40.8
0.0	0.0	217.0	41.1	112353	41.1
0.0	0.0	216.5	41.6	113651	41.6
0.0	0.0	215.9	41.5	113499	41.5
0.0	0.0	215.4	41.7	113979	41.7
0.0	0.0	214.9	41.7	114061	41.7
0.0	0.0	214.4	41.9	114400	41.8
0.0	0.0	213.9	41.8	114313	41.8
0.0	0.0	213.3	42.2	115224	42.2
0.0	0.0	212.8	42.2	115230	42.1
0.0	0.0	212.3	42.2	115244	42.1
0.0	0.0	211.8	42.3	115499	42.2
0.0	0.0	211.3	42.4	115755	42.3
0.0	0.0	210.8	42.4	115774	42.3
0.0	0.0	210.2	42.6	116459	42.5
0.0	0.0	209.7	42.9	117139	42.7
0.0	0.0	209.2	42.9	117084	42.8
0.0	0.0	208.7	43.2	118072	43.1
0.0	0.0	208.2	43.5	118830	43.4
0.0	0.0	207.8	43.4	118501	43.2
0.0	0.0	207.5	43.4	118574	43.2
0.0	0.0	207.8	43.6	119074	43.6
0.0	0.0	207.3	43.5	118992	43.5
0.0	0.0	207.3	43.6	119237	43.5
0.0	0.0	206.8	43.6	119091	43.5
0.0	0.0	206.1	43.8	119762	43.8
0.0	0.0	205.5	43.9	119962	43.8
0.0	0.0	205.0	44.0	120322	44.0
0.0	0.0	204.5	44.3	120911	44.2
0.0	0.0	204.1	44.2	120805	44.2
0.0	0.0	203.6	44.4	121396	44.4
0.0	0.0	203.1	44.7	122002	44.4
0.0	0.0	202.6	44.7	122111	44.7
0.0	0.0	202.1	44.9	122798	44.8
0.0	0.0	201.6	44.9	122661	44.7
0.0	0.0	201.1	45.1	123138	44.8
0.0	0.0	200.6	45.2	123634	45.0
0.0	0.0	200.1	45.4	123979	45.3
0.0	0.0	199.6	45.5	124222	45.3
0.0	0.0	199.0	45.6	124700	45.5
0.0	0.0	198.5	45.7	124826	45.6
0.0	0.0	198.0	45.7	124863	45.6
0.0	0.0	197.5	45.9	125369	45.8
0.0	0.0	197.0	46.1	125967	45.9
0.0	0.0	196.5	46.1	126007	46.0
0.0	0.0	196.0	46.4	126670	46.2
0.0	0.0	195.5	46.4	126695	46.2
0.0	0.0	195.0	46.5	127139	46.5
0.0	0.0	194.5	46.7	127584	46.5
0.0	0.0	194.0	46.8	127864	46.6
0.0	0.0	193.5	47.0	128395	46.9
0.0	0.0	193.0	47.1	128757	46.9
0.0	0.0	192.5	47.3	129184	47.2
0.0	0.0	192.0	47.5	129742	47.4
0.0	0.0	191.5	47.5	129786	47.2
0.0	0.0	191.0	47.6	130113	47.4
0.0	0.0	190.5	47.7	130352	47.5
0.0	0.0	190.0	48.0	131147	47.8
0.0	0.0	189.5	48.0	131059	47.7
0.0	0.0	188.8	48.2	131633	48.0
0.0	0.0	188.0	48.4	132299	48.3
0.0	0.0	187.3	48.7	133132	48.7
0.0	0.0	186.2	48.8	133334	48.6
0.0	0.0	185.6	49.0	133878	48.9
0.0	0.0	185.3	49.1	134060	48.9
0.0	0.0	184.8	49.2	134422	48.9
0.0	0.0	184.2	49.4	134885	49.1
0.0	0.0	183.6	49.5	135328	49.4
0.0	0.0	183.0	49.9	136319	49.7
0.0	0.0	182.4	49.9	136420	49.7
0.0	0.0	181.8	50.1	136873	49.7
0.0	0.0	181.3	50.2	137093	49.8
0.0	0.0	180.8	50.3	137354	50.1
0.0	0.0	180.2	50.7	138489	50.5
0.0	0.0	179.7	50.9	138968	50.6
0.0	0.0	179.2	50.9	139103	50.6
0.0	0.0	178.7	50.9	138991	50.7
0.0	0.0	178.1	51.1	139712	50.9
0.0	0.0	177.6	51.2	139943	51.0
0.0	0.0	177.1	51.4	140391	51.1
0.0	0.0	176.6	51.4	140436	51.1
0.0	0.0	176.1	51.7	141197	51.5
0.0	0.0	175.6	51.8	141561	51.6
0.0	0.0	175.1	51.9	141792	51.7
0.0	0.0	174.5	52.1	142344	52.0
0.0	0.0	174.0	52.2	142556	52.3
0.0	0.0	173.5	52.3	142804	52.3
0.0	0.0	173.0	52.2	142502	52.1
0.0	0.0	172.5	52.5	143425	52.2
0.0	0.0	172.0	52.7	144053	52.7
0.0	0.0	171.5	53.0	144764	52.8
0.0	0.0	170.9	53.1	145038	52.8
0.0	0.0	170.4	53.3	145594	52.9
0.0	0.0	169.9	53.4	145871	52.9
0.0	0.0	169.4	53.5	146056	53.1
0.0	0.0	168.9	53.7	146688	53.4
0.0	0.0	168.4	53.7	146755	53.5
0.0	0.0	167.9	54.1	147746	53.8
0.0	0.0	167.3	54.1	147946	54.0
0.0	0.0	166.8	54.2	147963	54.1
0.0	0.0	166.3	54.5	148857	54.3
0.0	0.0	165.8	54.5	148928	54.2
0.0	0.0	165.2	54.8	149600	54.6
0.0	0.0	164.7	54.9	150096	54.7
0.0	0.0	164.1	55.1	150517	54.7
0.0	0.0	163.6	55.4	151396	55.0
0.0	0.0	163.1	55.7	152086	55.3
0.0	0.0	162.6	55.8	152530	55.6
0.0	0.0	162.1	55.8	152578	55.6
0.0	0.0	161.6	56.1	153203	55.7
0.0	0.0	161.0	55.9	152799	55.7
0.0	0.0	160.6	56.0	152886	55.7
0.0	0.0	160.1	55.9	152722	55.8
0.0	0.0	159.5	56.2	153479	55.9
0.0	0.0	159.0	56.3	153779	56.1
0.0	0.0	158.5	56.7	154810	56.5
0.0	0.0	158.0	57.1	156123	56.9
0.0	0.0	157.5	57.4	156944	57.1
0.0	0.0	157.0	57.3	156606	56.9
0.0	0.0	156.5	57.4	156846	57.1
0.0	0.0	155.9	57.7	157569	57.5
0.0	0.0	155.4	57.9	158150	57.6
0.0	0.0	154.9	58.1	158651	57.7
0.0	0.0	154.3	58.3	159427	58.0
0.0	0.0	153.8	58.3	159402	58.0
0.0	0.0	153.3	58.4	159503	58.1
0.0	0.0	152.8	58.7	160497	58.4
0.0	0.0	152.2	58.7	160503	58.4
0.0	0.0	151.7	59.0	161234	58.7
0.0	0.0	151.2	59.3	161922	58.8
0.0	0.0	150.7	59.2	161891	59.2
0.0	0.0	150.1	59.3	161964	59.1
0.0	0.0	149.5	59.7	163136	59.4
0.0	0.0	149.0	59.9	163659	59.7
0.0	0.0	148.5	60.3	164678	59.8
0.0	0.0	148.0	60.4	164953	60.0
0.0	0.0	147.5	60.4	164936	60.0
0.0	0.0	147.0	60.5	165391	60.3
0.0	0.0	146.5	60.5	165242	60.2
0.0	0.0	146.0	60.7	165725	60.6
0.0	0.0	145.5	61.0	166802	60.9
0.0	0.0	145.0	61.4	167803	61.2
0.0	0.0	144.4	61.7	168504	61.4
0.0	0.0	143.9	61.7	168467	61.3
0.0	0.0	143.4	61.8	168900	61.5
0.0	0.0	142.9	61.8	168730	61.6
0.0	0.0	142.4	61.9	169037	61.7
0.0	0.0	141.9	62.3	170166	62.0
0.0	0.0	141.3	62.4	170362	62.0
0.0	0.0	140.8	62.4	170410	62.2
0.0	0.0	140.3	62.5	170739	62.2
0.0	0.0	139.8	62.9	171752	62.6
0.0	0.0	139.3	62.9	171890	62.6
0.0	0.0	138.7	63.1	172466	63.0
0.0	0.0	138.2	63.5	173589	63.2
0.0	0.0	137.6	63.7	174004	63.3
0.0	0.0	137.1	63.9	174593	63.4
0.0	0.0	136.6	64.1	175247	63.8
0.0	0.0	136.1	64.2	175460	63.9
0.0	0.0	135.5	64.4	176036	64.2
0.0	0.0	135.0	64.5	176183	64.3
0.0	0.0	134.5	64.6	176376	64.2
0.0	0.0	134.0	64.8	177109	64.3
0.0	0.0	133.5	65.2	178209	64.8
0.0	0.0	133.0	65.5	179052	65.3
0.0	0.0	132.5	65.7	179392	65.3
0.0	0.0	131.9	65.7	179599	65.3
0.0	0.0	131.4	65.9	180182	65.5
0.0	0.0	130.9	66.0	180275	65.6
0.0	0.0	130.4	66.1	180594	65.8
0.0	0.0	129.9	66.1	180695	65.8
0.0	0.0	129.4	66.5	181714	66.1
0.0	0.0	128.9	66.7	182364	66.3
0.0	0.0	128.3	67.0	183030	66.6
0.0	0.0	127.8	67.4	184257	67.0
0.0	0.0	127.3	67.7	185048	67.3
0.0	0.0	126.8	67.4	184054	67.1
0.0	0.0	126.3	67.6	184671	67.3
0.0	0.0	125.8	67.8	185362	67.5
0.0	0.0	125.2	68.1	185940	67.8
0.0	0.0	124.7	68.3	186543	67.9
0.0	0.0	124.2	68.6	187332	68.0
0.0	0.0	123.7	68.7	187828	68.2
0.0	0.0	123.1	68.9	188195	68.4
0.0	0.0	122.6	69.1	188923	68.7
0.0	0.0	122.1	69.4	189741	69.2
0.0	0.0	121.6	69.7	190396	69.5
0.0	0.0	121.1	70.0	191213	69.4
0.0	0.0	120.5	70.0	191329	69.5
0.0	0.0	120.0	70.1	191453	69.5
0.0	0.0	119.4	70.3	192055	69.8
0.0	0.0	118.9	70.5	192632	70.1
0.0	0.0	118.4	70.5	192691	70.2
0.0	0.0	117.8	70.9	193857	70.7
0.0	0.0	117.3	71.1	194357	70.8
0.0	0.0	116.8	71.3	194940	71.0
0.0	0.0	116.3	71.8	196058	71.2
0.0	0.0	115.8	71.7	195985	71.4
0.0	0.0	115.3	71.9	196391	71.4
0.0	0.0	114.8	71.9	196417	71.5
0.0	0.0	114.2	72.3	197454	71.9
0.0	0.0	113.7	72.5	197975	72.0
0.0	0.0	113.2	72.8	198887	72.2
0.0	0.0	112.7	72.8	198812	72.4
0.0	0.0	112.2	72.9	199072	72.6
0.0	0.0	111.7	73.2	200051	72.8
0.0	0.0	111.1	73.4	200519	73.0
0.0	0.0	110.6	73.6	201194	73.1
0.0	0.0	110.1	73.8	201619	73.4
0.0	0.0	109.6	73.9	202032	73.7
0.0	0.0	109.1	74.1	202426	73.9
0.0	0.0	108.6	74.0	202272	74.2
0.0	0.0	108.0	74.5	203636	74.5
0.0	0.0	107.5	74.9	204639	74.7
0.0	0.0	107.1	75.2	205373	74.7
0.0	0.0	106.8	75.2	205565	74.8
0.0	0.0	107.0	75.2	205425	74.9
0.0	0.0	106.7	75.4	206093	74.9
0.0	0.0	106.6	75.4	206032	74.9
0.0	0.0	106.1	75.6	206656	75.1
0.0	0.0	105.4	76.0	207675	75.4
0.0	0.0	104.8	76.2	208294	75.7
0.0	0.0	104.3	76.3	208470	75.8
0.0	0.0	103.8	76.3	208508	75.9
0.0	0.0	103.4	76.7	209436	76.2
0.0	0.0	103.0	76.9	210233	76.5
0.0	0.0	102.4	77.2	210848	76.5
0.0	0.0	101.9	77.3	211076	76.7
0.0	0.0	101.4	77.6	212010	77.1
0.0	0.0	100.9	77.8	212494	77.2
0.0	0.0	100.4	78.0	213041	77.3
0.0	0.0	99.9	78.2	213794	77.6
0.0	0.0	99.4	78.5	214428	77.8
0.0	0.0	98.9	78.6	214795	78.1
0.0	0.0	98.4	78.7	214912	78.3
0.0	0.0	97.9	78.8	215262	78.4
0.0	0.0	97.4	79.1	216085	78.6
0.0	0.0	96.9	79.3	216695	78.8
0.0	0.0	96.4	79.5	217348	78.9
0.0	0.0	95.9	79.8	218010	79.2
0.0	0.0	95.4	80.1	218930	79.6
0.0	0.0	94.9	80.1	218864	79.6
0.0	0.0	94.3	80.5	219900	80.0
0.0	0.0	93.8	80.6	220235	79.9
0.0	0.0	93.3	80.8	220768	80.2
0.0	0.0	92.8	81.1	221571	80.5
0.0	0.0	92.3	81.4	222276	80.9
0.0	0.0	91.8	81.4	222499	80.8
0.0	0.0	91.3	81.8	223633	81.3
0.0	0.0	90.8	82.0	223968	81.5
0.0	0.0	90.3	82.0	224061	81.5
0.0	0.0	89.8	82.3	224797	81.8
0.0	0.0	89.3	82.6	225680	82.2
0.0	0.0	88.6	82.9	226375	82.3
0.0	0.0	87.8	83.1	227041	82.9
0.0	0.0	87.1	83.3	227640	82.9
0.0	0.0	86.0	83.7	228702	83.1
0.0	0.0	85.4	84.1	229724	83.4
0.0	0.0	85.1	84.5	231019	83.6
0.0	0.0	84.6	84.5	230926	83.9
0.0	0.0	84.0	84.6	231071	84.3
0.0	0.0	83.4	85.0	232204	84.5
0.0	0.0	82.8	85.5	233530	84.7
0.0	0.0	82.2	85.5	233570	85.0
0.0	0.0	81.6	85.7	234127	85.2
0.0	0.0	81.1	86.5	236264	85.8
0.0	0.0	80.6	86.6	236555	85.8
0.0	0.0	80.0	86.7	236953	86.1
0.0	0.0	79.5	86.8	237119	86.0
0.0	0.0	79.0	86.9	237326	86.2
0.0	0.0	78.5	87.2	238296	86.8
0.0	0.0	78.0	87.6	239263	87.1
0.0	0.0	77.5	87.8	239867	87.1
0.0	0.0	77.0	88.2	240909	87.5
0.0	0.0	76.5	88.7	242344	87.9
0.0	0.0	76.0	88.9	242887	88.2
0.0	0.0	75.5	89.0	243292	88.2
0.0	0.0	75.0	88.8	242630	88.1
0.0	0.0	74.5	88.9	243036	88.3
0.0	0.0	74.0	89.3	244006	88.5
0.0	0.0	73.4	89.8	245486	89.1
0.0	0.0	72.9	90.3	246813	89.4
0.0	0.0	72.4	90.2	246370	89.3
0.0	0.0	71.9	90.3	246700	89.4
0.0	0.0	71.4	90.5	247328	89.5
0.0	0.0	70.9	90.7	247712	90.1
0.0	0.0	70.3	91.2	249157	90.5
0.0	0.0	69.8	91.2	249082	90.8
0.0	0.0	69.3	91.4	249652	90.8
0.0	0.0	68.8	91.6	250232	91.0
0.0	0.0	68.2	91.7	250555	91.0
0.0	0.0	67.7	92.2	252043	91.4
0.0	0.0	67.2	92.5	252668	91.8
0.0	0.0	66.7	92.8	253430	92.2
0.0	0.0	66.1	93.4	255094	92.7
0.0	0.0	65.6	93.4	255125	92.5
0.0	0.0	65.1	93.5	255607	92.7
0.0	0.0	64.6	93.7	256065	93.0
0.0	0.0	64.1	93.9	256519	93.2
0.0	0.0	63.5	94.4	257970	93.6
0.0	0.0	63.0	94.6	258395	93.6
0.0	0.0	62.5	94.6	258558	93.9
0.0	0.0	62.0	94.5	258301	93.9
0.0	0.0	61.4	95.1	259788	94.1
0.0	0.0	60.9	95.6	261199	94.8
0.0	0.0	60.4	95.6	261194	94.9
0.0	0.0	59.9	96.1	262697	95.2
0.0	0.0	59.4	96.4	263350	95.4
0.0	0.0	58.8	96.5	263584	95.4
0.0	0.0	58.3	96.6	263901	95.7
0.0	0.0	57.8	96.6	263913	95.8
0.0	0.0	57.3	97.2	265547	96.3
0.0	0.0	56.8	97.3	265762	96.5
0.0	0.0	56.2	97.4	266164	96.8
0.0	0.0	55.7	97.9	267415	97.3
0.0	0.0	55.2	98.0	267902	97.4
0.0	0.0	54.6	98.2	268276	97.4
0.0	0.0	54.1	98.5	269261	97.7
0.0	0.0	53.6	99.1	270735	98.3
0.0	0.0	53.1	99.0	270526	98.4
0.0	0.0	52.6	99.0	270445	98.6
0.0	0.0	52.1	99.6	272046	98.9
0.0	0.0	51.5	99.7	272439	99.1
0.0	0.0	51.0	100.1	273527	99.6
0.0	0.0	50.5	100.9	275739	100.1
0.0	0.0	50.0	100.8	275511	100.0
0.0	0.0	49.5	101.0	275893	99.9
0.0	0.0	49.0	101.0	276096	100.4
0.0	0.0	48.5	101.3	276763	100.7
0.0	0.0	47.9	101.8	278091	100.9
0.0	0.0	47.4	101.9	278515	101.0
0.0	0.0	46.8	102.2	279178	101.4
0.0	0.0	46.3	102.5	280160	101.5
0.0	0.0	45.8	103.1	281569	102.1
0.0	0.0	45.3	103.1	281662	102.0
0.0	0.0	44.8	103.4	282445	102.6
0.0	0.0	44.3	103.4	282625	102.8
0.0	0.0	43.7	103.6	283093	103.2
0.0	0.0	43.2	103.9	283987	103.2
0.0	0.0	42.7	104.2	284765	103.5
0.0	0.0	42.1	104.3	285032	103.5
0.0	0.0	41.6	104.8	286307	103.9
0.0	0.0	41.1	105.1	287304	104.0
0.0	0.0	40.6	105.5	288366	104.5
0.0	0.0	40.1	105.8	289098	104.8
0.0	0.0	39.6	105.8	289008	104.9
0.0	0.0	39.0	106.0	289517	105.0
0.0	0.0	38.5	106.6	291161	105.6
0.0	0.0	38.0	106.8	291928	105.8
0.0	0.0	37.5	106.7	291516	105.8
0.0	0.0	37.0	107.1	292667	106.2
0.0	0.0	36.5	107.5	293719	106.7
0.0	0.0	35.9	107.7	294386	106.7
0.0	0.0	35.4	108.1	295339	107.3
0.0	0.0	34.9	108.3	295917	107.4
0.0	0.0	34.4	108.5	296521	107.7
0.0	0.0	33.9	109.1	298056	107.9
0.0	0.0	33.4	109.2	298339	108.1
0.0	0.0	32.8	109.3	298723	108.5
0.0	0.0	32.3	109.8	299884	108.7
0.0	0.0	31.8	109.9	300215	108.9
0.0	0.0	31.3	110.0	300635	109.0
0.0	0.0	30.7	110.2	301064	109.4
0.0	0.0	30.2	110.7	302369	109.5
0.0	0.0	29.7	110.9	303082	109.7
0.0	0.0	29.1	111.1	303657	110.1
0.0	0.0	28.6	111.3	304208	110.4
0.0	0.0	28.1	111.3	304193	110.5
0.0	0.0	27.6	111.7	305084	110.5
0.0	0.0	27.2	112.1	306344	111.0
0.0	0.0	26.8	112.2	306436	111.2
0.0	0.0	27.1	112.4	307031	111.3
0.0	0.0	26.7	112.3	306871	111.4
0.0	0.0	26.7	112.3	306766	111.4
0.0	0.0	26.2	112.7	307890	111.8
0.0	0.0	25.5	112.9	308385	112.0
0.0	0.0	24.9	113.2	309356	112.2
0.0	0.0	24.4	113.4	309751	112.4
0.0	0.0	23.9	113.6	310454	112.8
0.0	0.0	23.5	114.0	311519	113.0
0.0	0.0	23.0	114.6	313042	113.2
0.0	0.0	22.5	114.2	312099	113.3
0.0	0.0	22.0	114.7	313530	113.6
0.0	0.0	21.5	115.1	314568	114.1
0.0	0.0	20.9	115.4	315342	114.3
0.0	0.0	20.4	115.4	315284	114.3
0.0	0.0	19.9	115.6	315940	114.5
0.0	0.0	19.4	115.8	316468	114.8
0.0	0.0	19.0	116.0	316822	114.8
0.0	0.0	18.4	116.7	318743	115.4
0.0	0.0	17.9	116.6	318542	115.3
0.0	0.0	17.4	116.9	319404	115.6
0.0	0.0	16.9	116.9	319458	115.8
0.0	0.0	16.4	116.8	319148	115.7
0.0	0.0	15.9	117.2	320096	115.9
0.0	0.0	15.4	117.3	320621	116.1
0.0	0.0	14.9	117.5	321147	116.4
0.0	0.0	14.4	117.5	320928	116.2
0.0	0.0	13.9	116.9	319506	115.7
0.0	0.0	13.4	117.3	320523	116.2
0.0	0.0	12.9	117.1	319933	115.9
0.0	0.0	12.4	117.2	320134	115.9
0.0	0.0	11.9	116.7	318750	115.8
0.0	0.0	11.4	116.5	318320	115.3
0.0	0.0	10.9	116.3	317797	115.3
0.0	0.0	10.4	115.5	315528	114.3
0.0	0.0	9.9	115.5	315473	114.1
0.0	0.0	9.4	114.9	313919	113.6
0.0	0.0	8.7	113.8	311019	112.8
0.0	0.0	7.9	111.8	305444	110.9
0.0	0.0	7.1	110.3	301256	109.3
0.0	0.0	6.1	109.0	297711	107.9
0.0	0.0	5.5	107.0	292261	106.2
0.0	0.0	5.2	104.6	285882	103.6
0.0	0.0	4.7	101.3	276843	100.3
0.0	0.0	4.1	97.4	266152	96.4
0.0	0.0	3.5	93.0	254219	92.2
0.0	0.0	3.0	87.9	240210	87.1
0.0	0.0	2.4	81.6	222904	80.9
0.0	0.0	1.8	75.0	204887	74.2
0.0	0.0	1.3	69.7	190571	69.1
0.0	0.0	0.7	65.3	178504	64.8
0.0	0.0	0.2	63.0	172003	62.4
0.0	0.0	-0.2	61.7	168570	61.2
0.0	0.0	-0.5	59.0	161225	58.5


