8-2-2013 15:50:05

Radiation device:	U12 Accelerator
Energy:	6 MV
Controller:	CCU
Measurement device:	NWP484841
Field detector:	Thimble
Reference detector:	Thimble
SAD:	1000 mm
SSD:	1000 mm
Field size:	400 x 400 mm
Gantry angle:	0
Measurement medium:	Water
Scan type:	DiagonalMmPp
Scan mode:	Continuous

Points [mm]:
Inline	Crossline	Depth	Normalized field	Current field	Ratio
-230.0	-230.0	50.0	5.4	13734	3.2
-229.7	-229.7	50.0	5.4	13720	3.2
-228.9	-229.1	50.0	5.5	14024	3.3
-228.4	-228.6	50.0	5.5	14147	3.3
-227.9	-228.1	50.0	5.6	14242	3.4
-227.5	-227.7	50.0	5.9	15110	3.5
-227.1	-227.3	50.0	5.7	14701	3.4
-226.7	-226.8	50.0	5.7	14613	3.4
-226.3	-226.5	50.0	5.8	14957	3.5
-226.0	-226.1	50.0	6.0	15410	3.6
-225.7	-225.8	50.0	5.7	14524	3.4
-225.4	-225.5	50.0	5.9	15069	3.5
-225.1	-225.2	50.0	6.1	15708	3.7
-224.8	-224.9	50.0	6.0	15299	3.6
-224.4	-224.5	50.0	6.3	16254	3.8
-224.1	-224.2	50.0	6.1	15526	3.6
-223.7	-223.8	50.0	6.2	15824	3.7
-223.4	-223.4	50.0	6.2	15994	3.8
-223.0	-223.0	50.0	6.4	16291	3.8
-222.6	-222.7	50.0	6.4	16477	3.9
-222.2	-222.3	50.0	6.4	16402	3.8
-221.8	-221.9	50.0	6.4	16439	3.9
-221.5	-221.6	50.0	6.6	16919	4.0
-221.1	-221.2	50.0	6.6	16827	3.9
-220.8	-220.9	50.0	6.8	17547	4.1
-220.4	-220.5	50.0	6.6	16967	4.0
-220.1	-220.1	50.0	6.8	17360	4.1
-219.7	-219.8	50.0	6.9	17651	4.1
-219.4	-219.4	50.0	6.8	17302	4.1
-219.0	-219.1	50.0	6.9	17667	4.1
-218.6	-218.7	50.0	7.0	17878	4.2
-218.3	-218.4	50.0	7.2	18385	4.3
-217.9	-218.0	50.0	7.1	18091	4.3
-217.6	-217.6	50.0	7.2	18404	4.3
-217.2	-217.3	50.0	7.2	18557	4.4
-216.8	-216.9	50.0	7.4	18967	4.4
-216.5	-216.6	50.0	7.3	18666	4.4
-216.1	-216.2	50.0	7.4	19077	4.5
-215.8	-215.8	50.0	7.7	19791	4.6
-215.4	-215.5	50.0	7.5	19229	4.5
-215.1	-215.1	50.0	7.7	19615	4.6
-214.7	-214.8	50.0	7.8	20095	4.7
-214.3	-214.4	50.0	7.8	19887	4.7
-214.0	-214.1	50.0	7.9	20249	4.8
-213.6	-213.7	50.0	8.0	20553	4.8
-213.3	-213.4	50.0	7.9	20308	4.8
-212.9	-213.0	50.0	8.0	20596	4.8
-212.5	-212.7	50.0	8.4	21547	5.1
-212.2	-212.3	50.0	8.0	20589	4.8
-211.8	-211.9	50.0	8.5	21721	5.1
-211.5	-211.6	50.0	8.4	21395	5.0
-211.1	-211.2	50.0	8.4	21501	5.1
-210.8	-210.8	50.0	8.7	22179	5.2
-210.4	-210.5	50.0	8.7	22261	5.2
-210.0	-210.1	50.0	8.9	22922	5.4
-209.7	-209.7	50.0	8.9	22695	5.3
-209.3	-209.4	50.0	9.1	23247	5.5
-209.0	-209.0	50.0	9.0	23054	5.4
-208.6	-208.7	50.0	9.2	23504	5.5
-208.2	-208.3	50.0	9.1	23409	5.5
-207.9	-208.0	50.0	9.5	24401	5.7
-207.5	-207.6	50.0	9.3	23763	5.6
-207.2	-207.3	50.0	9.4	24129	5.7
-206.8	-206.9	50.0	9.5	24449	5.8
-206.5	-206.6	50.0	9.5	24410	5.7
-206.1	-206.2	50.0	9.8	25209	5.9
-205.7	-205.8	50.0	9.8	25207	5.9
-205.4	-205.5	50.0	9.9	25455	6.0
-205.0	-205.1	50.0	10.1	25970	6.1
-204.7	-204.8	50.0	10.2	26095	6.1
-204.3	-204.4	50.0	10.5	26827	6.3
-204.0	-204.1	50.0	10.5	26850	6.3
-203.6	-203.7	50.0	10.6	27214	6.4
-203.3	-203.3	50.0	10.7	27379	6.5
-202.9	-203.0	50.0	11.0	28272	6.7
-202.5	-202.6	50.0	11.0	28137	6.6
-202.2	-202.3	50.0	11.2	28705	6.7
-201.8	-201.9	50.0	11.4	29150	6.8
-201.5	-201.5	50.0	11.7	29987	7.0
-201.1	-201.2	50.0	11.5	29448	6.9
-200.7	-200.8	50.0	11.8	30319	7.1
-200.4	-200.5	50.0	12.0	30847	7.3
-200.0	-200.1	50.0	12.3	31619	7.4
-199.7	-199.7	50.0	12.6	32266	7.6
-199.3	-199.4	50.0	12.5	32139	7.6
-198.9	-199.0	50.0	13.0	33231	7.8
-198.6	-198.6	50.0	13.3	34051	8.0
-198.2	-198.3	50.0	13.6	34909	8.2
-197.8	-197.9	50.0	13.9	35699	8.4
-197.5	-197.6	50.0	14.4	36780	8.7
-197.1	-197.2	50.0	14.7	37665	8.9
-196.7	-196.8	50.0	15.1	38775	9.1
-196.4	-196.5	50.0	15.9	40640	9.5
-196.0	-196.1	50.0	16.4	42042	9.9
-195.7	-195.7	50.0	17.1	43823	10.3
-195.3	-195.4	50.0	18.1	46255	10.9
-194.9	-195.0	50.0	19.1	48901	11.5
-194.6	-194.7	50.0	20.5	52472	12.3
-194.2	-194.3	50.0	21.8	55982	13.2
-193.8	-194.0	50.0	23.6	60518	14.3
-193.5	-193.6	50.0	25.4	65186	15.3
-193.1	-193.2	50.0	27.6	70796	16.7
-192.8	-192.9	50.0	30.2	77422	18.2
-192.4	-192.5	50.0	32.8	84055	19.7
-192.1	-192.1	50.0	35.9	91893	21.6
-191.7	-191.7	50.0	39.3	100810	23.7
-191.3	-191.4	50.0	42.8	109629	25.8
-191.0	-191.0	50.0	46.8	119998	28.3
-190.6	-190.6	50.0	50.2	128528	30.3
-190.3	-190.3	50.0	54.3	139234	32.8
-189.9	-189.9	50.0	57.8	148013	34.8
-189.5	-189.6	50.0	60.8	155840	36.6
-189.2	-189.2	50.0	64.8	165929	38.9
-188.8	-188.9	50.0	67.2	172153	40.5
-188.4	-188.5	50.0	69.8	178941	42.1
-188.0	-188.2	50.0	72.7	186319	43.8
-187.7	-187.8	50.0	74.5	190954	44.8
-187.3	-187.5	50.0	76.7	196614	46.2
-187.0	-187.1	50.0	78.3	200632	47.3
-186.6	-186.7	50.0	79.9	204826	48.1
-186.3	-186.4	50.0	81.5	208938	49.1
-185.9	-186.0	50.0	82.5	211475	49.8
-185.5	-185.6	50.0	83.7	214573	50.4
-185.2	-185.3	50.0	84.8	217166	51.2
-184.8	-184.9	50.0	85.9	220077	51.7
-184.4	-184.6	50.0	86.7	222131	52.2
-184.1	-184.2	50.0	87.9	225221	53.0
-183.7	-183.8	50.0	88.7	227384	53.5
-183.3	-183.5	50.0	89.7	229960	54.1
-182.9	-183.1	50.0	90.5	231863	54.6
-182.6	-182.8	50.0	92.1	235967	55.5
-182.2	-182.4	50.0	92.5	237035	55.7
-181.9	-182.1	50.0	93.3	239091	56.2
-181.5	-181.7	50.0	94.6	242395	57.0
-181.1	-181.3	50.0	95.8	245344	57.6
-180.8	-180.9	50.0	96.4	246876	58.2
-180.4	-180.6	50.0	97.9	250753	59.1
-180.1	-180.2	50.0	98.2	251717	59.2
-179.7	-179.9	50.0	99.1	253799	59.8
-179.4	-179.5	50.0	100.6	257681	60.7
-179.1	-179.1	50.0	101.4	259764	61.1
-178.7	-178.8	50.0	101.9	261212	61.5
-178.3	-178.4	50.0	103.8	265850	62.7
-178.0	-178.0	50.0	104.2	266929	62.7
-177.6	-177.7	50.0	105.3	269762	63.5
-177.3	-177.3	50.0	106.5	272968	64.4
-176.9	-177.0	50.0	107.1	274349	64.4
-176.5	-176.6	50.0	108.1	277089	65.1
-176.2	-176.2	50.0	108.9	279124	65.8
-175.8	-175.8	50.0	109.7	281113	66.3
-175.5	-175.5	50.0	110.2	282335	66.5
-175.1	-175.1	50.0	111.4	285542	67.2
-174.8	-174.8	50.0	112.1	287208	67.7
-174.4	-174.4	50.0	112.9	289184	68.1
-174.0	-174.0	50.0	113.3	290306	68.5
-173.7	-173.7	50.0	113.8	291607	68.7
-173.4	-173.3	50.0	114.6	293651	69.0
-173.0	-172.9	50.0	115.3	295314	69.5
-172.6	-172.5	50.0	115.7	296369	69.8
-172.2	-172.2	50.0	116.1	297554	70.0
-171.9	-171.8	50.0	116.7	299102	70.4
-171.5	-171.5	50.0	116.6	298783	70.4
-171.1	-171.1	50.0	117.3	300636	70.7
-170.7	-170.8	50.0	118.0	302261	71.2
-170.3	-170.4	50.0	118.1	302569	71.2
-170.0	-170.1	50.0	118.3	303025	71.1
-169.6	-169.8	50.0	119.0	304828	71.8
-169.2	-169.4	50.0	118.9	304748	71.7
-168.8	-169.1	50.0	119.1	305238	71.9
-168.5	-168.7	50.0	119.5	306261	72.2
-168.1	-168.4	50.0	119.9	307215	72.3
-167.8	-168.0	50.0	120.0	307370	72.4
-167.5	-167.6	50.0	120.3	308213	72.6
-167.1	-167.3	50.0	120.5	308632	72.7
-166.8	-166.9	50.0	120.7	309224	72.7
-166.4	-166.6	50.0	120.9	309868	73.0
-166.0	-166.2	50.0	121.4	310954	73.0
-165.6	-165.9	50.0	121.2	310648	72.9
-165.3	-165.5	50.0	121.3	310838	73.2
-164.9	-165.1	50.0	121.5	311369	73.4
-164.6	-164.8	50.0	121.6	311645	73.4
-164.2	-164.4	50.0	121.8	312103	73.5
-163.9	-164.1	50.0	122.1	312730	73.6
-163.5	-163.7	50.0	122.7	314480	73.9
-163.1	-163.4	50.0	122.6	314256	73.8
-162.8	-163.0	50.0	122.6	314210	73.7
-162.4	-162.6	50.0	122.8	314536	73.9
-162.1	-162.3	50.0	122.9	314949	74.0
-161.7	-161.9	50.0	122.8	314721	73.9
-161.4	-161.5	50.0	122.8	314624	73.8
-161.0	-161.2	50.0	122.9	314957	74.2
-160.7	-160.8	50.0	122.7	314378	73.9
-160.3	-160.4	50.0	123.2	315603	74.1
-159.9	-160.1	50.0	123.0	315131	74.3
-159.5	-159.7	50.0	122.8	314668	74.1
-159.2	-159.3	50.0	122.6	314199	74.0
-158.9	-159.0	50.0	122.8	314614	74.1
-158.6	-158.6	50.0	122.9	314957	74.1
-158.2	-158.2	50.0	122.9	314852	73.9
-157.8	-157.9	50.0	122.8	314580	74.1
-157.5	-157.5	50.0	122.8	314665	74.0
-157.1	-157.2	50.0	122.9	314977	74.1
-156.8	-156.8	50.0	122.4	313586	73.7
-156.4	-156.4	50.0	122.6	314227	73.9
-156.1	-156.0	50.0	122.7	314294	73.9
-155.7	-155.7	50.0	122.6	314190	73.8
-155.3	-155.3	50.0	122.9	314920	74.0
-155.0	-155.0	50.0	122.7	314463	74.0
-154.6	-154.6	50.0	122.6	314209	74.1
-154.3	-154.3	50.0	122.8	314617	73.9
-153.9	-153.9	50.0	122.4	313644	73.7
-153.5	-153.6	50.0	123.0	315108	74.2
-153.2	-153.2	50.0	122.6	314105	74.0
-152.8	-152.8	50.0	122.6	314007	73.9
-152.4	-152.5	50.0	122.8	314538	74.0
-152.0	-152.1	50.0	123.3	315807	74.2
-151.7	-151.8	50.0	122.9	314952	74.1
-151.3	-151.4	50.0	123.2	315691	74.2
-150.9	-151.0	50.0	123.1	315386	74.1
-150.6	-150.7	50.0	123.2	315733	74.3
-150.2	-150.3	50.0	123.3	316053	74.2
-149.9	-150.0	50.0	123.5	316333	74.4
-149.5	-149.6	50.0	123.2	315686	74.4
-149.1	-149.3	50.0	123.3	315926	74.4
-148.8	-148.9	50.0	123.6	316594	74.5
-148.4	-148.6	50.0	123.4	316068	74.4
-148.0	-148.2	50.0	123.2	315772	74.2
-147.7	-147.8	50.0	123.8	317259	74.5
-147.4	-147.5	50.0	123.4	316184	74.5
-147.0	-147.1	50.0	123.4	316196	74.5
-146.6	-146.7	50.0	123.5	316532	74.4
-146.3	-146.4	50.0	123.6	316764	74.6
-145.9	-146.0	50.0	123.7	316973	74.8
-145.5	-145.7	50.0	123.5	316489	74.3
-145.2	-145.3	50.0	124.0	317827	74.5
-144.8	-144.9	50.0	124.0	317632	74.7
-144.5	-144.6	50.0	123.8	317090	74.5
-144.1	-144.2	50.0	123.6	316626	74.4
-143.8	-143.9	50.0	123.7	316937	74.6
-143.4	-143.5	50.0	123.9	317473	74.6
-143.0	-143.2	50.0	123.9	317570	74.7
-142.7	-142.8	50.0	123.7	316910	74.5
-142.3	-142.4	50.0	123.7	317075	74.5
-141.9	-142.1	50.0	124.1	318103	74.8
-141.6	-141.7	50.0	123.9	317352	74.3
-141.2	-141.3	50.0	124.2	318308	74.6
-140.9	-141.0	50.0	123.8	317151	74.3
-140.5	-140.6	50.0	123.7	316950	74.5
-140.1	-140.2	50.0	124.1	317926	74.5
-139.8	-139.9	50.0	123.6	316782	74.4
-139.4	-139.5	50.0	123.7	316883	74.6
-139.1	-139.1	50.0	123.4	316307	74.4
-138.7	-138.8	50.0	123.5	316544	74.4
-138.4	-138.4	50.0	123.8	317232	74.6
-138.0	-138.1	50.0	123.6	316661	74.4
-137.6	-137.7	50.0	123.2	315689	74.3
-137.2	-137.4	50.0	123.6	316666	74.5
-136.9	-137.0	50.0	123.7	316927	74.5
-136.5	-136.6	50.0	123.6	316765	74.2
-136.1	-136.2	50.0	123.6	316775	74.4
-135.8	-135.9	50.0	123.3	315915	74.4
-135.4	-135.5	50.0	123.4	316295	74.3
-135.1	-135.2	50.0	123.4	316266	74.3
-134.7	-134.8	50.0	123.6	316671	74.4
-134.3	-134.4	50.0	123.9	317437	74.5
-134.0	-134.1	50.0	123.8	317202	74.5
-133.6	-133.7	50.0	124.0	317631	74.4
-133.2	-133.3	50.0	123.9	317526	74.4
-132.9	-133.0	50.0	123.4	316251	74.4
-132.5	-132.6	50.0	123.6	316805	74.6
-132.2	-132.3	50.0	123.5	316499	74.3
-131.8	-131.9	50.0	123.8	317118	74.6
-131.5	-131.6	50.0	123.3	315836	74.3
-131.1	-131.2	50.0	123.6	316591	74.5
-130.7	-130.8	50.0	123.6	316623	74.4
-130.4	-130.5	50.0	123.7	316953	74.6
-130.0	-130.1	50.0	123.7	316861	74.5
-129.7	-129.8	50.0	124.0	317778	74.5
-129.3	-129.4	50.0	123.8	317116	74.4
-128.9	-129.1	50.0	124.0	317606	74.6
-128.6	-128.7	50.0	124.0	317674	74.6
-128.2	-128.3	50.0	123.5	316450	74.3
-127.8	-128.0	50.0	123.5	316336	74.4
-127.5	-127.6	50.0	123.5	316357	74.4
-127.1	-127.3	50.0	123.6	316654	74.5
-126.8	-126.9	50.0	123.7	316823	74.4
-126.4	-126.5	50.0	123.3	315834	74.2
-126.1	-126.2	50.0	123.8	317195	74.3
-125.7	-125.8	50.0	123.8	317088	74.4
-125.3	-125.5	50.0	123.6	316719	74.4
-125.0	-125.1	50.0	123.9	317532	74.6
-124.6	-124.7	50.0	123.6	316617	74.4
-124.3	-124.4	50.0	123.7	316958	74.4
-123.9	-124.0	50.0	123.6	316677	74.4
-123.5	-123.6	50.0	123.6	316769	74.3
-123.2	-123.3	50.0	123.6	316716	74.4
-122.8	-122.9	50.0	123.8	317331	74.7
-122.4	-122.5	50.0	123.5	316559	74.5
-122.1	-122.2	50.0	123.7	316830	74.5
-121.7	-121.8	50.0	123.7	317074	74.4
-121.3	-121.5	50.0	123.6	316618	74.5
-121.0	-121.1	50.0	123.6	316709	74.5
-120.6	-120.7	50.0	124.0	317843	74.5
-120.3	-120.4	50.0	123.6	316688	74.4
-119.9	-120.0	50.0	123.5	316561	74.4
-119.6	-119.7	50.0	123.7	316972	74.6
-119.2	-119.3	50.0	123.5	316406	74.4
-118.8	-118.9	50.0	123.3	316009	74.3
-118.5	-118.6	50.0	123.8	317097	74.5
-118.1	-118.2	50.0	124.0	317844	74.7
-117.8	-117.9	50.0	123.6	316689	74.5
-117.4	-117.5	50.0	123.7	316991	74.6
-117.0	-117.1	50.0	123.5	316550	74.5
-116.7	-116.8	50.0	123.7	316852	74.5
-116.3	-116.4	50.0	123.7	316936	74.5
-115.9	-116.1	50.0	123.4	316303	74.5
-115.6	-115.7	50.0	123.7	317004	74.6
-115.2	-115.3	50.0	123.8	317101	74.6
-114.8	-115.0	50.0	123.9	317489	74.7
-114.5	-114.6	50.0	123.6	316731	74.6
-114.1	-114.3	50.0	123.7	317021	74.6
-113.8	-113.9	50.0	123.9	317480	74.6
-113.4	-113.5	50.0	123.9	317547	74.6
-113.0	-113.2	50.0	124.2	318212	74.7
-112.7	-112.8	50.0	123.9	317353	74.6
-112.3	-112.4	50.0	124.0	317673	74.6
-112.0	-112.1	50.0	124.0	317847	74.6
-111.6	-111.7	50.0	123.5	316430	74.5
-111.3	-111.3	50.0	123.7	316828	74.5
-110.9	-111.0	50.0	123.6	316747	74.4
-110.6	-110.6	50.0	124.2	318143	74.8
-110.2	-110.3	50.0	123.6	316604	74.3
-109.8	-109.9	50.0	124.1	317880	74.6
-109.5	-109.6	50.0	123.5	316537	74.6
-109.1	-109.2	50.0	123.7	316960	74.5
-108.7	-108.8	50.0	123.6	316674	74.4
-108.4	-108.5	50.0	123.9	317451	74.7
-108.0	-108.1	50.0	123.8	317150	74.4
-107.7	-107.8	50.0	123.9	317457	74.4
-107.3	-107.4	50.0	124.0	317593	74.5
-106.9	-107.0	50.0	123.6	316624	74.5
-106.6	-106.7	50.0	123.6	316799	74.4
-106.2	-106.3	50.0	123.5	316544	74.3
-105.9	-106.0	50.0	123.5	316562	74.3
-105.5	-105.6	50.0	123.7	316937	74.3
-105.1	-105.2	50.0	123.2	315757	74.2
-104.8	-104.9	50.0	123.2	315731	74.3
-104.4	-104.5	50.0	123.4	316069	74.3
-104.1	-104.1	50.0	123.1	315321	74.1
-103.7	-103.8	50.0	123.2	315547	74.4
-103.3	-103.4	50.0	123.2	315607	74.4
-103.0	-103.1	50.0	123.2	315688	74.1
-102.6	-102.7	50.0	123.3	315833	74.2
-102.3	-102.4	50.0	123.2	315709	74.1
-101.9	-102.0	50.0	123.2	315735	74.1
-101.5	-101.6	50.0	123.2	315574	74.1
-101.2	-101.3	50.0	122.9	314787	74.0
-100.8	-100.9	50.0	123.2	315675	74.3
-100.4	-100.6	50.0	123.0	315123	74.1
-100.1	-100.2	50.0	122.9	314885	74.2
-99.7	-99.8	50.0	122.7	314305	74.0
-99.4	-99.5	50.0	122.9	314932	73.9
-99.0	-99.1	50.0	122.9	314911	74.1
-98.6	-98.7	50.0	123.0	315217	74.0
-98.3	-98.4	50.0	122.7	314378	73.9
-97.9	-98.0	50.0	123.6	316688	74.3
-97.5	-97.7	50.0	122.6	314236	73.8
-97.2	-97.3	50.0	122.6	314183	74.0
-96.8	-96.9	50.0	123.0	315282	74.0
-96.4	-96.5	50.0	122.8	314551	74.1
-96.1	-96.2	50.0	122.8	314705	74.0
-95.7	-95.8	50.0	122.6	314148	73.8
-95.4	-95.5	50.0	122.3	313297	73.8
-95.0	-95.1	50.0	122.4	313746	73.7
-94.7	-94.8	50.0	122.5	313816	73.7
-94.3	-94.4	50.0	122.6	314013	73.8
-94.0	-94.0	50.0	122.6	314195	73.8
-93.6	-93.7	50.0	122.9	314938	74.1
-93.2	-93.3	50.0	122.9	314866	74.0
-92.9	-93.0	50.0	122.5	313983	73.8
-92.5	-92.6	50.0	122.6	314227	73.7
-92.1	-92.2	50.0	122.6	314192	73.8
-91.8	-91.9	50.0	122.2	313139	73.5
-91.4	-91.5	50.0	122.8	314602	73.9
-91.0	-91.1	50.0	122.3	313370	73.6
-90.7	-90.8	50.0	122.5	313765	73.7
-90.3	-90.4	50.0	122.6	314225	73.6
-90.0	-90.1	50.0	122.4	313722	73.6
-89.6	-89.7	50.0	122.8	314564	73.9
-89.2	-89.4	50.0	122.6	314035	73.6
-88.9	-89.0	50.0	122.3	313271	73.6
-88.5	-88.6	50.0	122.2	312984	73.6
-88.2	-88.3	50.0	122.5	313945	73.6
-87.8	-87.9	50.0	122.3	313238	73.5
-87.5	-87.6	50.0	122.1	312959	73.7
-87.1	-87.2	50.0	122.3	313370	73.5
-86.7	-86.8	50.0	122.5	313954	73.7
-86.4	-86.5	50.0	122.0	312668	73.5
-86.0	-86.1	50.0	122.5	313819	73.6
-85.6	-85.7	50.0	122.4	313632	73.6
-85.3	-85.4	50.0	122.3	313374	73.5
-84.9	-85.0	50.0	122.4	313611	73.6
-84.5	-84.6	50.0	122.2	313220	73.6
-84.2	-84.3	50.0	122.4	313511	73.5
-83.8	-83.9	50.0	122.4	313676	73.6
-83.5	-83.6	50.0	122.0	312656	73.5
-83.1	-83.2	50.0	122.4	313527	73.5
-82.8	-82.9	50.0	122.4	313669	73.6
-82.4	-82.5	50.0	122.5	313929	73.5
-82.1	-82.1	50.0	122.6	314151	73.5
-81.7	-81.8	50.0	122.2	312987	73.4
-81.3	-81.4	50.0	122.5	313926	73.7
-81.0	-81.1	50.0	122.3	313258	73.4
-80.6	-80.7	50.0	122.1	312885	73.4
-80.3	-80.4	50.0	121.7	311753	73.3
-79.9	-80.0	50.0	122.1	312757	73.6
-79.6	-79.6	50.0	121.8	311973	73.4
-79.2	-79.3	50.0	122.0	312708	73.4
-78.8	-78.9	50.0	122.3	313265	73.5
-78.5	-78.5	50.0	122.1	312730	73.5
-78.1	-78.2	50.0	122.0	312595	73.4
-77.7	-77.8	50.0	122.3	313411	73.5
-77.3	-77.4	50.0	122.2	313084	73.3
-77.0	-77.1	50.0	122.4	313511	73.5
-76.6	-76.7	50.0	122.1	312925	73.5
-76.3	-76.4	50.0	122.4	313504	73.7
-75.9	-76.0	50.0	122.3	313266	73.5
-75.6	-75.7	50.0	122.8	314722	73.8
-75.2	-75.3	50.0	122.9	314788	73.6
-74.8	-74.9	50.0	122.8	314655	73.6
-74.5	-74.6	50.0	122.2	313163	73.4
-74.1	-74.2	50.0	122.6	314104	73.6
-73.7	-73.8	50.0	122.2	313055	73.4
-73.4	-73.5	50.0	122.1	312905	73.4
-73.0	-73.1	50.0	122.1	312885	73.3
-72.7	-72.8	50.0	121.9	312382	73.3
-72.3	-72.4	50.0	122.2	313102	73.7
-72.0	-72.0	50.0	122.2	313098	73.6
-71.6	-71.7	50.0	122.6	314088	73.6
-71.2	-71.3	50.0	122.5	313877	73.6
-70.9	-71.0	50.0	122.7	314381	73.6
-70.5	-70.6	50.0	122.5	313910	73.6
-70.1	-70.2	50.0	122.7	314262	73.5
-69.8	-69.9	50.0	122.7	314393	73.6
-69.4	-69.5	50.0	122.4	313587	73.5
-69.1	-69.2	50.0	122.4	313518	73.5
-68.7	-68.8	50.0	122.6	314089	73.6
-68.4	-68.5	50.0	122.6	314258	73.6
-68.0	-68.1	50.0	122.4	313661	73.6
-67.6	-67.7	50.0	122.6	314096	73.5
-67.3	-67.4	50.0	122.7	314289	73.6
-66.9	-67.0	50.0	122.7	314463	73.7
-66.6	-66.6	50.0	122.9	314818	73.6
-66.2	-66.2	50.0	122.7	314308	73.7
-65.8	-65.9	50.0	122.3	313462	73.5
-65.5	-65.5	50.0	122.8	314760	73.6
-65.1	-65.2	50.0	122.9	314865	73.7
-64.7	-64.8	50.0	122.6	314158	73.6
-64.3	-64.4	50.0	123.0	315139	73.8
-64.0	-64.1	50.0	123.4	316075	73.9
-63.6	-63.7	50.0	122.8	314751	73.7
-63.3	-63.4	50.0	122.7	314269	73.6
-62.9	-63.0	50.0	122.6	314258	73.7
-62.5	-62.6	50.0	122.8	314518	73.6
-62.2	-62.3	50.0	122.4	313691	73.6
-61.8	-61.9	50.0	122.6	314147	73.7
-61.5	-61.6	50.0	122.0	312537	73.4
-61.1	-61.2	50.0	122.4	313702	73.6
-60.8	-60.9	50.0	122.5	313963	73.6
-60.4	-60.5	50.0	122.6	314062	73.6
-60.0	-60.1	50.0	123.0	315031	73.9
-59.7	-59.7	50.0	122.2	313231	73.7
-59.3	-59.4	50.0	122.5	313805	73.7
-59.0	-59.0	50.0	122.1	312939	73.5
-58.6	-58.7	50.0	122.5	313994	73.9
-58.2	-58.3	50.0	122.9	314915	73.7
-57.9	-57.9	50.0	122.5	313945	73.6
-57.5	-57.6	50.0	122.3	313293	73.4
-57.2	-57.2	50.0	122.9	314864	73.7
-56.8	-56.8	50.0	122.6	314195	73.6
-56.4	-56.5	50.0	122.6	314119	73.8
-56.0	-56.1	50.0	122.2	313013	73.6
-55.7	-55.8	50.0	122.4	313535	73.5
-55.3	-55.4	50.0	122.5	313890	73.7
-54.9	-55.0	50.0	122.4	313588	73.6
-54.6	-54.6	50.0	122.6	314009	73.7
-54.2	-54.3	50.0	122.9	314873	73.8
-53.9	-53.9	50.0	122.3	313467	73.6
-53.5	-53.6	50.0	122.8	314584	73.8
-53.1	-53.2	50.0	122.9	315019	73.9
-52.8	-52.9	50.0	122.9	314947	73.8
-52.4	-52.5	50.0	123.3	316000	74.0
-52.1	-52.2	50.0	122.9	314888	73.8
-51.7	-51.8	50.0	122.8	314659	73.7
-51.4	-51.4	50.0	122.5	313938	73.6
-51.0	-51.1	50.0	122.4	313717	73.5
-50.6	-50.7	50.0	122.7	314397	73.7
-50.2	-50.3	50.0	122.6	314249	73.7
-49.9	-50.0	50.0	123.0	315076	74.0
-49.5	-49.6	50.0	122.8	314722	73.7
-49.2	-49.3	50.0	123.1	315526	73.9
-48.8	-48.9	50.0	122.9	314829	73.9
-48.4	-48.5	50.0	123.3	316021	74.0
-48.1	-48.2	50.0	123.2	315688	73.9
-47.7	-47.8	50.0	122.8	314671	73.8
-47.3	-47.5	50.0	123.0	315187	74.0
-47.0	-47.1	50.0	123.0	315196	73.8
-46.6	-46.7	50.0	123.1	315370	73.9
-46.3	-46.4	50.0	123.5	316330	73.8
-45.9	-46.0	50.0	123.2	315777	74.0
-45.6	-45.7	50.0	123.1	315533	74.0
-45.2	-45.3	50.0	123.1	315493	73.9
-44.9	-45.0	50.0	123.1	315417	73.9
-44.5	-44.6	50.0	123.2	315644	74.0
-44.1	-44.2	50.0	123.5	316531	74.2
-43.8	-43.8	50.0	123.3	315854	73.9
-43.4	-43.5	50.0	123.4	316293	74.1
-43.0	-43.1	50.0	123.4	316295	74.1
-42.7	-42.8	50.0	123.7	316826	74.4
-42.3	-42.4	50.0	123.6	316754	74.1
-42.0	-42.0	50.0	123.0	315108	73.8
-41.6	-41.7	50.0	122.7	314279	73.9
-41.3	-41.3	50.0	123.1	315449	74.1
-40.9	-41.0	50.0	123.2	315709	74.1
-40.6	-40.6	50.0	123.5	316468	74.1
-40.2	-40.3	50.0	123.1	315461	73.9
-39.9	-39.9	50.0	123.1	315427	74.0
-39.5	-39.6	50.0	123.4	316171	74.1
-39.2	-39.2	50.0	123.4	316173	73.9
-38.8	-38.9	50.0	123.3	315871	74.0
-38.4	-38.5	50.0	123.0	315279	73.9
-38.0	-38.1	50.0	123.1	315364	74.0
-37.7	-37.7	50.0	122.9	315016	74.0
-37.3	-37.4	50.0	123.1	315482	74.1
-37.0	-37.0	50.0	123.2	315681	74.1
-36.6	-36.6	50.0	123.5	316512	74.0
-36.2	-36.3	50.0	123.4	316186	73.9
-35.8	-35.9	50.0	123.6	316783	74.2
-35.5	-35.6	50.0	123.3	315863	73.9
-35.1	-35.2	50.0	123.1	315352	73.9
-34.8	-34.8	50.0	122.4	313553	73.7
-34.4	-34.5	50.0	123.2	315616	73.9
-34.0	-34.1	50.0	123.4	316256	73.9
-33.7	-33.8	50.0	123.1	315299	73.9
-33.3	-33.4	50.0	122.9	314971	73.8
-33.0	-33.1	50.0	123.2	315618	73.9
-32.6	-32.7	50.0	123.4	316280	74.3
-32.3	-32.4	50.0	123.4	316309	74.1
-31.9	-32.0	50.0	123.0	315257	73.9
-31.6	-31.6	50.0	123.4	316067	73.9
-31.2	-31.3	50.0	122.8	314654	73.9
-30.8	-30.9	50.0	122.9	314997	73.8
-30.5	-30.5	50.0	123.2	315593	73.8
-30.1	-30.2	50.0	123.5	316351	73.9
-29.8	-29.8	50.0	123.2	315681	74.1
-29.4	-29.5	50.0	123.1	315500	73.9
-29.0	-29.1	50.0	123.3	315919	74.0
-28.7	-28.8	50.0	123.4	316085	74.0
-28.3	-28.4	50.0	123.2	315758	73.9
-28.0	-28.1	50.0	123.4	316085	73.9
-27.6	-27.7	50.0	123.3	315863	74.1
-27.3	-27.4	50.0	123.0	315058	73.8
-26.9	-27.0	50.0	122.8	314534	73.7
-26.6	-26.6	50.0	123.3	315883	73.9
-26.2	-26.3	50.0	123.3	316046	74.0
-25.8	-25.9	50.0	123.3	315887	74.0
-25.4	-25.5	50.0	122.8	314694	73.8
-25.1	-25.2	50.0	122.9	314829	73.8
-24.7	-24.8	50.0	123.3	315804	73.9
-24.4	-24.5	50.0	123.0	315179	73.7
-24.0	-24.1	50.0	123.2	315562	74.0
-23.7	-23.7	50.0	123.1	315330	73.9
-23.3	-23.4	50.0	123.1	315390	73.8
-22.9	-23.0	50.0	123.3	315814	74.0
-22.6	-22.7	50.0	123.0	315238	73.6
-22.2	-22.3	50.0	123.1	315527	73.9
-21.9	-22.0	50.0	122.8	314735	73.7
-21.5	-21.6	50.0	122.9	314833	73.7
-21.2	-21.3	50.0	122.8	314591	73.8
-20.8	-20.9	50.0	123.2	315692	73.9
-20.4	-20.6	50.0	123.1	315450	73.8
-20.1	-20.2	50.0	123.0	315256	73.8
-19.7	-19.8	50.0	123.0	315260	73.9
-19.4	-19.5	50.0	123.2	315685	73.8
-19.0	-19.1	50.0	123.4	316144	73.9
-18.6	-18.8	50.0	123.1	315326	73.9
-18.3	-18.4	50.0	122.9	314816	73.7
-17.9	-18.0	50.0	122.8	314759	73.8
-17.6	-17.7	50.0	123.4	316310	73.9
-17.2	-17.3	50.0	122.6	314054	73.6
-16.8	-17.0	50.0	122.9	314829	74.0
-16.5	-16.6	50.0	122.7	314387	73.6
-16.1	-16.2	50.0	122.8	314627	73.6
-15.7	-15.9	50.0	122.7	314500	73.8
-15.4	-15.5	50.0	123.3	315809	74.0
-15.0	-15.1	50.0	123.7	316923	74.0
-14.7	-14.8	50.0	123.4	316199	73.8
-14.3	-14.4	50.0	123.5	316480	74.0
-14.0	-14.1	50.0	123.6	316657	74.1
-13.6	-13.7	50.0	123.1	315436	73.7
-13.3	-13.4	50.0	123.0	315246	73.8
-12.9	-13.0	50.0	123.0	315177	74.0
-12.6	-12.6	50.0	123.2	315735	73.9
-12.2	-12.2	50.0	123.1	315338	73.8
-11.9	-11.9	50.0	123.2	315712	73.8
-11.5	-11.6	50.0	123.6	316653	74.0
-11.1	-11.2	50.0	123.4	316218	73.9
-10.7	-10.8	50.0	123.7	316855	74.1
-10.4	-10.5	50.0	123.7	316984	74.1
-10.0	-10.1	50.0	123.2	315579	73.9
-9.6	-9.8	50.0	123.5	316353	73.8
-9.3	-9.4	50.0	123.5	316382	73.9
-8.9	-9.0	50.0	123.1	315508	73.9
-8.6	-8.7	50.0	123.3	315885	73.9
-8.2	-8.3	50.0	123.4	316244	73.9
-7.8	-7.9	50.0	123.2	315617	73.8
-7.5	-7.6	50.0	123.4	316181	74.0
-7.1	-7.2	50.0	123.2	315687	73.9
-6.8	-6.9	50.0	123.3	315863	74.0
-6.4	-6.5	50.0	122.9	314811	73.8
-6.1	-6.1	50.0	123.5	316323	73.9
-5.7	-5.8	50.0	123.0	315265	73.7
-5.4	-5.4	50.0	123.1	315538	73.7
-5.0	-5.1	50.0	123.0	315261	73.8
-4.6	-4.7	50.0	122.6	314060	73.4
-4.3	-4.4	50.0	123.0	315049	73.7
-3.9	-4.0	50.0	122.9	314991	73.7
-3.6	-3.6	50.0	123.5	316358	73.8
-3.2	-3.3	50.0	123.4	316239	73.8
-2.8	-2.9	50.0	123.3	315823	73.8
-2.5	-2.5	50.0	122.8	314606	73.8
-2.1	-2.2	50.0	122.9	314858	73.6
-1.7	-1.8	50.0	122.8	314753	73.4
-1.4	-1.5	50.0	122.9	315010	73.5
-1.0	-1.1	50.0	122.4	313589	73.4
-0.7	-0.7	50.0	122.4	313602	73.5
-0.3	-0.4	50.0	122.3	313301	73.5
0.0	0.0	50.0	122.7	314492	73.5
0.4	0.4	50.0	122.8	314569	73.7
0.8	0.7	50.0	122.6	314021	73.4
1.1	1.1	50.0	122.6	314119	73.7
1.5	1.5	50.0	122.6	314018	73.5
1.9	1.8	50.0	123.0	315067	73.7
2.2	2.2	50.0	123.2	315607	73.6
2.6	2.6	50.0	122.9	314852	73.9
2.9	2.9	50.0	122.5	313818	73.5
3.3	3.3	50.0	122.6	314095	73.8
3.7	3.6	50.0	122.9	314959	73.8
4.1	4.0	50.0	123.0	315232	73.8
4.4	4.4	50.0	123.0	315206	73.8
4.8	4.7	50.0	122.7	314370	73.6
5.1	5.1	50.0	123.0	315254	73.6
5.5	5.4	50.0	123.6	316624	74.0
5.8	5.8	50.0	123.3	315951	73.8
6.2	6.1	50.0	122.8	314545	73.7
6.6	6.5	50.0	123.2	315642	74.0
6.9	6.9	50.0	122.8	314632	73.7
7.3	7.2	50.0	122.9	314872	73.9
7.6	7.6	50.0	123.3	315836	74.0
8.0	7.9	50.0	123.2	315673	73.8
8.4	8.3	50.0	123.1	315433	73.9
8.7	8.7	50.0	123.4	316219	74.0
9.1	9.0	50.0	123.1	315352	73.9
9.4	9.4	50.0	123.2	315717	73.8
9.8	9.7	50.0	123.6	316719	74.0
10.2	10.1	50.0	123.8	317243	74.1
10.6	10.5	50.0	123.2	315675	73.8
10.9	10.8	50.0	122.9	314952	73.8
11.2	11.2	50.0	123.0	315113	73.7
11.6	11.6	50.0	123.5	316519	73.9
11.9	11.9	50.0	123.6	316674	74.1
12.3	12.3	50.0	123.6	316785	73.9
12.7	12.6	50.0	123.2	315699	73.7
13.1	13.0	50.0	123.1	315314	73.6
13.4	13.4	50.0	123.2	315618	73.9
13.8	13.7	50.0	123.6	316739	74.1
14.1	14.1	50.0	123.1	315464	73.9
14.5	14.4	50.0	123.2	315771	74.0
14.8	14.8	50.0	122.9	314912	73.9
15.2	15.1	50.0	122.9	314979	73.9
15.6	15.5	50.0	123.1	315387	73.8
15.9	15.9	50.0	123.6	316687	73.9
16.3	16.2	50.0	123.2	315710	73.8
16.7	16.6	50.0	123.2	315731	73.9
17.0	16.9	50.0	123.5	316538	74.2
17.4	17.3	50.0	123.2	315752	74.0
17.7	17.6	50.0	122.9	314951	73.7
18.1	18.0	50.0	123.0	315232	73.7
18.4	18.4	50.0	123.6	316571	73.8
18.8	18.7	50.0	123.0	315252	73.7
19.2	19.1	50.0	122.9	315015	73.8
19.5	19.4	50.0	123.3	316046	74.0
19.9	19.8	50.0	123.4	316168	74.0
20.2	20.1	50.0	123.2	315610	73.8
20.6	20.5	50.0	123.2	315683	74.0
21.0	20.9	50.0	123.2	315792	74.1
21.3	21.2	50.0	123.3	316048	74.0
21.7	21.6	50.0	123.4	316074	73.9
22.1	22.0	50.0	123.4	316138	74.0
22.4	22.3	50.0	123.5	316500	74.1
22.8	22.7	50.0	123.0	315166	73.8
23.1	23.0	50.0	123.3	315954	74.1
23.5	23.4	50.0	123.6	316606	74.1
23.8	23.8	50.0	123.5	316492	74.1
24.2	24.1	50.0	123.7	316972	74.0
24.6	24.5	50.0	123.8	317316	74.2
24.9	24.9	50.0	123.4	316073	73.9
25.3	25.2	50.0	123.3	315819	73.8
25.7	25.6	50.0	123.2	315668	73.8
26.0	25.9	50.0	123.5	316433	74.1
26.4	26.3	50.0	123.3	316001	73.8
26.7	26.6	50.0	123.5	316433	74.0
27.1	27.0	50.0	123.5	316497	74.1
27.4	27.3	50.0	123.7	316982	74.1
27.8	27.7	50.0	123.4	316291	74.0
28.2	28.1	50.0	123.4	316310	73.9
28.5	28.4	50.0	123.3	315913	74.0
28.9	28.8	50.0	123.4	316136	73.9
29.2	29.1	50.0	123.5	316547	74.1
29.6	29.5	50.0	123.6	316807	74.1
29.9	29.9	50.0	123.3	315944	73.9
30.3	30.3	50.0	123.9	317446	74.4
30.7	30.6	50.0	123.7	316878	74.1
31.0	31.0	50.0	123.4	316282	74.0
31.4	31.3	50.0	123.7	316993	74.2
31.8	31.7	50.0	123.3	315903	74.0
32.1	32.0	50.0	123.6	316664	74.2
32.5	32.4	50.0	123.6	316763	74.0
32.8	32.8	50.0	123.6	316721	74.3
33.2	33.1	50.0	123.8	317326	74.1
33.6	33.5	50.0	123.5	316455	73.9
33.9	33.9	50.0	124.0	317633	74.2
34.3	34.2	50.0	123.3	316031	73.9
34.7	34.6	50.0	123.6	316632	74.2
35.0	34.9	50.0	123.4	316198	73.8
35.4	35.3	50.0	123.4	316252	74.1
35.7	35.7	50.0	123.3	316027	74.1
36.1	36.0	50.0	123.6	316820	74.0
36.4	36.4	50.0	123.6	316654	74.0
36.8	36.8	50.0	123.5	316473	74.1
37.2	37.1	50.0	123.5	316394	74.0
37.6	37.5	50.0	123.8	317213	74.3
37.9	37.9	50.0	123.5	316566	74.0
38.3	38.2	50.0	123.2	315777	74.0
38.6	38.6	50.0	123.2	315771	73.9
38.9	38.9	50.0	123.6	316706	74.0
39.3	39.3	50.0	123.6	316701	74.1
39.7	39.7	50.0	123.8	317113	74.2
40.1	40.0	50.0	123.6	316818	74.0
40.4	40.4	50.0	123.2	315781	74.0
40.8	40.7	50.0	123.5	316352	74.2
41.2	41.1	50.0	123.6	316739	74.2
41.5	41.5	50.0	123.5	316405	74.0
41.9	41.8	50.0	123.5	316319	74.0
42.2	42.2	50.0	123.7	316997	74.0
42.6	42.6	50.0	123.8	317097	74.0
43.0	42.9	50.0	123.3	316049	74.0
43.4	43.3	50.0	123.2	315742	74.0
43.7	43.6	50.0	123.1	315360	73.9
44.1	44.0	50.0	123.3	316049	74.1
44.4	44.3	50.0	123.6	316794	74.2
44.8	44.7	50.0	123.6	316696	73.9
45.1	45.1	50.0	124.0	317772	74.3
45.5	45.4	50.0	123.7	316929	74.0
45.9	45.8	50.0	123.5	316375	73.9
46.2	46.1	50.0	123.4	316300	74.0
46.6	46.5	50.0	123.2	315569	73.9
47.0	46.8	50.0	123.2	315559	74.0
47.3	47.2	50.0	123.6	316703	74.1
47.6	47.6	50.0	122.9	314868	73.5
48.0	48.0	50.0	122.6	314215	73.6
48.4	48.3	50.0	123.1	315443	74.0
48.7	48.7	50.0	122.9	314965	73.7
49.1	49.0	50.0	123.4	316273	73.9
49.5	49.4	50.0	123.0	315257	73.8
49.8	49.8	50.0	123.1	315498	73.8
50.2	50.1	50.0	122.7	314415	73.5
50.5	50.5	50.0	123.1	315398	73.9
50.9	50.8	50.0	123.1	315310	73.9
51.2	51.2	50.0	123.5	316387	74.0
51.6	51.6	50.0	123.2	315681	73.6
52.0	51.9	50.0	123.3	315959	73.9
52.4	52.3	50.0	123.0	315090	73.7
52.7	52.6	50.0	122.8	314759	73.7
53.1	53.0	50.0	123.2	315689	73.8
53.4	53.4	50.0	123.2	315630	73.7
53.8	53.7	50.0	123.0	315205	73.7
54.1	54.1	50.0	123.1	315517	73.8
54.5	54.4	50.0	123.4	316167	74.0
54.9	54.8	50.0	122.4	313587	73.4
55.3	55.2	50.0	123.2	315572	73.8
55.6	55.5	50.0	123.1	315391	73.5
56.0	55.9	50.0	123.2	315778	73.8
56.3	56.2	50.0	123.4	316092	73.7
56.6	56.6	50.0	123.2	315705	73.7
57.0	57.0	50.0	123.2	315641	73.8
57.4	57.3	50.0	122.9	314971	73.6
57.8	57.7	50.0	122.7	314445	73.7
58.1	58.1	50.0	123.2	315702	73.7
58.5	58.4	50.0	123.1	315336	73.6
58.9	58.8	50.0	123.3	315898	73.7
59.2	59.1	50.0	123.1	315489	73.8
59.6	59.5	50.0	122.8	314592	73.6
59.9	59.9	50.0	122.9	314880	73.4
60.3	60.2	50.0	123.2	315643	73.9
60.6	60.6	50.0	122.8	314734	73.6
61.0	60.9	50.0	122.9	315012	73.6
61.4	61.3	50.0	122.9	314989	73.7
61.7	61.6	50.0	122.8	314615	73.7
62.1	62.0	50.0	122.4	313615	73.4
62.4	62.3	50.0	122.9	315009	73.6
62.8	62.7	50.0	122.9	314974	73.6
63.1	63.1	50.0	123.0	315154	73.8
63.5	63.4	50.0	122.9	314941	73.7
63.9	63.8	50.0	122.7	314299	73.5
64.2	64.2	50.0	122.8	314600	73.5
64.6	64.5	50.0	123.3	315911	73.6
65.0	64.9	50.0	123.6	316567	73.8
65.3	65.3	50.0	122.8	314613	73.6
65.7	65.6	50.0	122.6	314229	73.6
66.0	66.0	50.0	123.0	315162	73.6
66.4	66.4	50.0	123.3	315852	73.9
66.8	66.7	50.0	123.1	315304	73.7
67.2	67.1	50.0	122.9	314820	73.4
67.5	67.4	50.0	122.8	314738	73.5
67.9	67.8	50.0	122.7	314354	73.4
68.2	68.2	50.0	123.0	315163	73.7
68.6	68.5	50.0	122.8	314704	73.6
68.9	68.9	50.0	122.4	313741	73.4
69.3	69.2	50.0	122.8	314572	73.4
69.7	69.6	50.0	123.1	315461	73.8
70.1	70.0	50.0	123.4	316260	73.7
70.4	70.3	50.0	122.8	314556	73.3
70.8	70.7	50.0	122.7	314314	73.3
71.1	71.0	50.0	122.8	314582	73.5
71.5	71.4	50.0	122.7	314443	73.5
71.8	71.8	50.0	122.6	314035	73.4
72.2	72.1	50.0	122.9	314918	73.7
72.5	72.5	50.0	122.5	313919	73.5
72.9	72.9	50.0	122.7	314383	73.3
73.3	73.2	50.0	122.8	314658	73.3
73.7	73.6	50.0	122.8	314566	73.3
74.0	73.9	50.0	122.8	314529	73.4
74.4	74.3	50.0	122.9	314918	73.5
74.7	74.6	50.0	122.2	313127	73.0
75.1	75.0	50.0	122.2	313193	73.2
75.4	75.4	50.0	122.2	312994	73.4
75.8	75.7	50.0	122.5	313954	73.4
76.2	76.1	50.0	122.4	313705	73.4
76.5	76.4	50.0	122.6	314170	73.4
76.9	76.8	50.0	122.7	314453	73.5
77.2	77.1	50.0	122.8	314525	73.4
77.6	77.5	50.0	122.9	314826	73.5
77.9	77.9	50.0	122.8	314558	73.5
78.3	78.2	50.0	122.9	315005	73.5
78.7	78.6	50.0	123.0	315180	73.7
79.0	78.9	50.0	122.6	314040	73.2
79.4	79.3	50.0	122.6	314030	73.3
79.7	79.6	50.0	122.5	313962	73.4
80.1	80.0	50.0	122.6	314210	73.4
80.4	80.4	50.0	122.6	314126	73.3
80.8	80.7	50.0	122.3	313373	73.1
81.1	81.1	50.0	122.8	314518	73.5
81.5	81.5	50.0	122.9	314854	73.7
81.9	81.8	50.0	122.8	314652	73.5
82.2	82.2	50.0	122.9	314921	73.5
82.6	82.5	50.0	123.2	315627	73.8
83.0	82.9	50.0	122.5	313773	73.3
83.3	83.2	50.0	122.5	313956	73.5
83.7	83.6	50.0	123.1	315421	73.5
84.0	84.0	50.0	122.9	315012	73.4
84.4	84.3	50.0	122.8	314730	73.6
84.8	84.7	50.0	122.9	314841	73.5
85.1	85.0	50.0	123.0	315196	73.5
85.5	85.4	50.0	123.1	315292	73.5
85.8	85.8	50.0	123.1	315482	73.6
86.2	86.1	50.0	122.6	314238	73.4
86.5	86.5	50.0	123.2	315758	73.7
86.9	86.9	50.0	122.7	314492	73.3
87.3	87.2	50.0	123.2	315581	73.7
87.6	87.6	50.0	122.9	315005	73.6
88.0	87.9	50.0	122.9	314870	73.5
88.4	88.3	50.0	122.7	314341	73.4
88.7	88.7	50.0	122.7	314427	73.4
89.1	89.0	50.0	123.2	315758	73.8
89.5	89.4	50.0	123.0	315260	73.7
89.8	89.8	50.0	123.3	316005	73.7
90.2	90.1	50.0	122.9	314937	73.5
90.5	90.5	50.0	123.3	315822	73.8
90.9	90.8	50.0	123.1	315409	73.5
91.3	91.2	50.0	123.3	315931	73.7
91.6	91.6	50.0	123.1	315456	73.7
92.0	91.9	50.0	123.0	315145	73.6
92.3	92.3	50.0	123.4	316164	73.9
92.7	92.6	50.0	123.4	316142	73.6
93.0	93.0	50.0	123.7	317064	73.8
93.4	93.4	50.0	123.6	316803	73.9
93.8	93.7	50.0	123.1	315416	73.6
94.2	94.1	50.0	123.6	316681	74.0
94.5	94.5	50.0	123.5	316341	73.8
94.9	94.8	50.0	123.3	315870	73.7
95.2	95.2	50.0	123.1	315332	73.7
95.6	95.5	50.0	123.2	315712	74.0
96.0	95.9	50.0	122.9	314855	73.7
96.3	96.3	50.0	123.0	315139	73.7
96.7	96.6	50.0	123.3	315798	73.7
97.1	97.0	50.0	123.8	317147	73.9
97.4	97.3	50.0	123.7	317038	73.9
97.8	97.7	50.0	123.4	316282	73.9
98.2	98.1	50.0	123.6	316650	73.9
98.5	98.4	50.0	123.2	315625	73.7
98.9	98.8	50.0	123.6	316719	74.2
99.2	99.2	50.0	123.0	315198	73.8
99.6	99.5	50.0	123.2	315793	73.8
100.0	99.9	50.0	123.3	315951	73.8
100.3	100.2	50.0	123.8	317316	74.1
100.7	100.6	50.0	123.7	316875	74.1
101.0	101.0	50.0	123.7	316935	74.0
101.4	101.3	50.0	123.8	317285	74.1
101.7	101.7	50.0	124.0	317614	74.0
102.1	102.0	50.0	123.8	317296	74.2
102.4	102.4	50.0	123.9	317545	74.1
102.8	102.7	50.0	123.8	317291	74.2
103.1	103.1	50.0	123.8	317079	74.2
103.5	103.4	50.0	123.9	317562	74.2
103.9	103.8	50.0	123.7	316855	74.2
104.2	104.2	50.0	123.6	316818	74.1
104.6	104.5	50.0	124.2	318122	74.4
104.9	104.9	50.0	124.3	318583	74.4
105.3	105.2	50.0	124.1	317864	74.2
105.6	105.6	50.0	124.4	318627	74.2
106.0	105.9	50.0	124.0	317695	74.1
106.4	106.3	50.0	124.1	318079	74.2
106.7	106.7	50.0	124.1	317866	74.3
107.1	107.0	50.0	124.4	318844	74.5
107.5	107.4	50.0	124.2	318171	74.4
107.8	107.8	50.0	123.9	317393	74.3
108.2	108.1	50.0	124.3	318448	74.5
108.5	108.5	50.0	124.0	317732	74.3
108.9	108.8	50.0	124.3	318386	74.3
109.2	109.2	50.0	124.8	319709	74.6
109.6	109.5	50.0	123.8	317149	74.1
109.9	109.9	50.0	123.9	317495	74.3
110.3	110.2	50.0	124.4	318707	74.4
110.7	110.6	50.0	124.1	318092	74.1
111.0	110.9	50.0	124.5	319119	74.4
111.4	111.3	50.0	124.8	319848	74.6
111.8	111.7	50.0	124.3	318477	74.3
112.1	112.0	50.0	124.4	318622	74.5
112.5	112.4	50.0	124.6	319382	74.5
112.8	112.7	50.0	124.6	319186	74.4
113.2	113.1	50.0	124.2	318135	74.5
113.5	113.5	50.0	123.8	317267	74.3
113.9	113.8	50.0	124.5	319086	74.6
114.2	114.2	50.0	124.3	318411	74.3
114.6	114.5	50.0	124.2	318199	74.5
115.0	114.9	50.0	124.4	318627	74.3
115.3	115.3	50.0	124.2	318121	74.3
115.7	115.6	50.0	124.4	318629	74.4
116.1	116.0	50.0	124.2	318266	74.4
116.4	116.3	50.0	124.1	318001	74.4
116.7	116.7	50.0	123.9	317591	74.3
117.1	117.1	50.0	124.2	318309	74.4
117.5	117.4	50.0	124.2	318302	74.2
117.9	117.8	50.0	123.8	317232	74.1
118.2	118.1	50.0	124.2	318257	74.3
118.6	118.5	50.0	124.0	317807	74.1
118.9	118.9	50.0	124.4	318846	74.4
119.3	119.2	50.0	123.6	316714	73.9
119.6	119.6	50.0	124.2	318192	74.2
120.0	119.9	50.0	123.6	316789	74.1
120.4	120.3	50.0	124.0	317732	74.4
120.7	120.7	50.0	123.9	317461	74.1
121.1	121.0	50.0	124.2	318243	74.2
121.5	121.4	50.0	124.1	317870	74.1
121.8	121.7	50.0	123.5	316534	74.0
122.2	122.1	50.0	124.4	318628	74.3
122.5	122.5	50.0	124.4	318818	74.4
122.9	122.8	50.0	124.0	317778	74.2
123.2	123.2	50.0	124.1	318068	74.3
123.6	123.5	50.0	123.6	316582	73.9
124.0	123.9	50.0	124.3	318607	74.2
124.3	124.3	50.0	124.0	317794	74.2
124.7	124.6	50.0	124.2	318307	74.5
125.0	125.0	50.0	123.8	317153	74.1
125.4	125.3	50.0	124.3	318584	74.2
125.8	125.7	50.0	123.9	317495	74.1
126.1	126.0	50.0	124.0	317611	74.1
126.5	126.4	50.0	124.0	317692	74.2
126.8	126.8	50.0	124.1	318059	74.2
127.2	127.1	50.0	123.6	316783	74.1
127.6	127.5	50.0	123.9	317531	74.1
127.9	127.9	50.0	124.3	318470	74.3
128.3	128.2	50.0	123.7	317051	74.0
128.6	128.6	50.0	124.3	318496	74.3
129.0	129.0	50.0	123.8	317167	74.0
129.4	129.3	50.0	124.6	319226	74.5
129.7	129.7	50.0	123.8	317166	74.1
130.1	130.0	50.0	124.1	318033	74.2
130.4	130.4	50.0	123.8	317211	74.1
130.8	130.7	50.0	124.0	317790	74.3
131.2	131.1	50.0	123.7	317001	73.9
131.5	131.5	50.0	124.2	318163	74.4
131.9	131.8	50.0	124.0	317762	74.2
132.2	132.2	50.0	123.5	316369	73.8
132.6	132.5	50.0	124.2	318347	74.2
132.9	132.9	50.0	124.2	318231	74.1
133.3	133.3	50.0	123.9	317506	74.1
133.7	133.6	50.0	123.9	317431	74.1
134.0	134.0	50.0	123.8	317142	74.1
134.4	134.3	50.0	124.1	317898	74.3
134.8	134.7	50.0	124.1	318093	74.4
135.1	135.1	50.0	124.2	318132	74.3
135.5	135.4	50.0	124.2	318285	74.4
135.8	135.8	50.0	124.1	317883	74.3
136.2	136.2	50.0	124.3	318550	74.4
136.6	136.5	50.0	123.9	317410	74.1
137.0	136.9	50.0	124.4	318649	74.4
137.3	137.2	50.0	124.2	318135	74.3
137.7	137.6	50.0	124.1	317975	74.1
138.0	138.0	50.0	124.2	318132	74.2
138.4	138.3	50.0	124.0	317690	74.2
138.8	138.7	50.0	124.2	318340	74.5
139.1	139.1	50.0	123.7	316862	74.1
139.5	139.4	50.0	123.7	317028	74.2
139.9	139.8	50.0	123.5	316508	74.2
140.2	140.1	50.0	124.0	317834	74.3
140.6	140.5	50.0	124.0	317812	74.1
140.9	140.9	50.0	124.3	318417	74.4
141.3	141.2	50.0	124.1	318072	74.0
141.6	141.6	50.0	124.5	319022	74.4
142.0	141.9	50.0	124.2	318267	74.4
142.4	142.3	50.0	124.2	318209	74.4
142.8	142.7	50.0	124.2	318326	74.4
143.1	143.0	50.0	124.2	318326	74.2
143.5	143.4	50.0	124.0	317821	74.3
143.8	143.7	50.0	124.0	317704	74.2
144.2	144.1	50.0	124.0	317798	74.3
144.5	144.5	50.0	124.5	318995	74.6
144.9	144.8	50.0	123.7	317014	74.1
145.2	145.2	50.0	124.3	318538	74.2
145.6	145.5	50.0	124.1	317953	74.1
145.9	145.9	50.0	124.2	318355	74.2
146.3	146.2	50.0	123.6	316619	74.0
146.6	146.6	50.0	124.4	318809	74.3
147.0	147.0	50.0	124.2	318161	74.1
147.4	147.3	50.0	124.1	317889	74.1
147.7	147.7	50.0	124.0	317744	74.1
148.1	148.1	50.0	123.8	317124	74.1
148.5	148.4	50.0	124.0	317609	74.0
148.8	148.8	50.0	123.7	316854	73.9
149.2	149.1	50.0	123.8	317247	74.1
149.5	149.5	50.0	123.0	315281	73.7
149.9	149.8	50.0	123.7	317043	74.1
150.3	150.2	50.0	123.6	316707	73.7
150.6	150.6	50.0	123.5	316510	73.7
151.0	150.9	50.0	123.9	317550	74.1
151.4	151.3	50.0	123.5	316312	73.7
151.7	151.6	50.0	123.3	316037	73.8
152.1	152.0	50.0	123.7	316842	74.0
152.4	152.3	50.0	123.5	316494	73.8
152.8	152.7	50.0	123.6	316775	74.0
153.1	153.1	50.0	123.2	315700	73.7
153.5	153.4	50.0	123.3	315818	73.7
153.8	153.8	50.0	123.7	317018	73.9
154.2	154.1	50.0	123.2	315622	73.7
154.6	154.5	50.0	123.4	316279	73.8
154.9	154.9	50.0	123.9	317568	74.0
155.3	155.2	50.0	123.8	317225	73.9
155.6	155.6	50.0	123.3	316003	73.7
156.0	156.0	50.0	123.3	316051	73.8
156.4	156.3	50.0	123.6	316688	73.8
156.7	156.7	50.0	123.6	316754	74.0
157.1	157.0	50.0	123.9	317383	74.1
157.5	157.4	50.0	123.7	316918	73.8
157.8	157.8	50.0	123.7	316848	74.0
158.2	158.1	50.0	123.6	316686	74.0
158.5	158.5	50.0	123.5	316508	73.8
158.9	158.8	50.0	123.9	317404	73.9
159.3	159.2	50.0	123.7	317022	73.9
159.6	159.6	50.0	123.8	317099	74.1
160.0	159.9	50.0	123.9	317510	74.2
160.4	160.3	50.0	123.8	317187	73.8
160.7	160.7	50.0	123.7	317063	73.8
161.1	161.0	50.0	123.6	316677	73.8
161.4	161.4	50.0	123.4	316119	73.7
161.8	161.7	50.0	123.4	316089	73.7
162.1	162.1	50.0	122.8	314666	73.4
162.5	162.5	50.0	123.2	315709	73.7
162.9	162.8	50.0	122.5	313930	73.4
163.3	163.2	50.0	122.3	313279	73.2
163.6	163.5	50.0	122.6	314226	73.3
164.0	163.9	50.0	122.1	312898	73.0
164.3	164.3	50.0	122.4	313607	73.1
164.7	164.6	50.0	121.6	311606	72.9
165.0	165.0	50.0	121.6	311622	72.6
165.4	165.4	50.0	121.3	310869	72.6
165.8	165.7	50.0	121.4	311136	72.6
166.1	166.1	50.0	120.5	308811	72.1
166.5	166.4	50.0	121.0	310026	72.3
166.9	166.8	50.0	120.5	308746	72.0
167.2	167.2	50.0	120.5	308665	72.0
167.6	167.5	50.0	120.1	307831	71.8
167.9	167.9	50.0	119.6	306364	71.6
168.3	168.3	50.0	118.9	304569	71.1
168.7	168.6	50.0	118.9	304692	71.1
169.0	169.0	50.0	118.9	304730	71.2
169.4	169.3	50.0	118.3	303105	70.8
169.8	169.7	50.0	117.7	301688	70.4
170.1	170.0	50.0	117.4	300882	70.2
170.5	170.4	50.0	117.4	300724	70.2
170.8	170.8	50.0	116.6	298836	69.8
171.1	171.1	50.0	116.6	298691	69.6
171.5	171.5	50.0	115.5	295900	69.0
171.9	171.8	50.0	115.0	294695	68.7
172.2	172.2	50.0	114.3	292993	68.4
172.6	172.5	50.0	113.9	291783	68.1
173.0	172.9	50.0	113.4	290532	67.7
173.3	173.3	50.0	112.5	288283	67.1
173.7	173.6	50.0	111.9	286790	66.7
174.0	174.0	50.0	111.5	285747	66.4
174.4	174.4	50.0	110.1	282085	65.7
174.7	174.7	50.0	109.3	280071	65.5
175.1	175.1	50.0	108.1	276994	64.7
175.5	175.4	50.0	107.3	274835	64.2
175.9	175.8	50.0	106.7	273348	63.9
176.2	176.1	50.0	105.6	270674	63.3
176.6	176.5	50.0	104.8	268459	62.7
176.9	176.9	50.0	103.9	266346	62.1
177.2	177.2	50.0	103.0	263876	61.6
177.6	177.6	50.0	102.2	261897	61.1
178.0	178.0	50.0	100.7	258065	60.2
178.4	178.3	50.0	100.0	256278	59.8
178.7	178.7	50.0	98.7	252916	59.0
179.1	179.0	50.0	97.9	250925	58.4
179.4	179.4	50.0	96.6	247586	57.8
179.8	179.8	50.0	95.5	244758	57.1
180.1	180.1	50.0	94.7	242606	56.6
180.5	180.5	50.0	93.6	239712	56.0
180.9	180.8	50.0	92.8	237782	55.6
181.2	181.2	50.0	92.0	235678	54.9
181.6	181.6	50.0	90.5	231777	54.2
182.0	181.9	50.0	89.7	229758	53.6
182.3	182.3	50.0	88.2	225927	52.9
182.7	182.6	50.0	87.3	223616	52.2
183.0	183.0	50.0	86.2	220928	51.6
183.4	183.4	50.0	85.2	218295	51.0
183.8	183.7	50.0	83.7	214527	50.1
184.1	184.1	50.0	82.6	211551	49.4
184.5	184.4	50.0	80.5	206229	48.2
184.9	184.8	50.0	79.4	203401	47.4
185.2	185.1	50.0	77.2	197835	46.1
185.5	185.5	50.0	75.3	192817	44.9
185.9	185.9	50.0	72.6	185934	43.4
186.2	186.2	50.0	69.6	178248	41.6
186.6	186.6	50.0	66.7	170915	39.8
187.0	187.0	50.0	63.1	161779	37.7
187.3	187.3	50.0	60.0	153736	35.9
187.7	187.7	50.0	56.2	143931	33.6
188.1	188.0	50.0	52.5	134401	31.4
188.4	188.4	50.0	48.2	123585	28.9
188.7	188.7	50.0	45.0	115383	26.9
189.1	189.1	50.0	42.1	107748	25.1
189.4	189.4	50.0	37.7	96564	22.5
189.8	189.8	50.0	34.5	88491	20.6
190.2	190.1	50.0	31.3	80264	18.7
190.6	190.5	50.0	28.4	72779	17.0
190.9	190.9	50.0	26.0	66597	15.5
191.3	191.2	50.0	24.1	61753	14.4
191.6	191.6	50.0	22.3	57194	13.4
192.0	191.9	50.0	21.3	54683	12.8
192.3	192.3	50.0	19.5	50059	11.7
192.7	192.7	50.0	18.8	48222	11.2
193.1	193.0	50.0	17.9	45765	10.7
193.4	193.4	50.0	17.1	43700	10.2
193.8	193.7	50.0	16.6	42555	9.9
194.2	194.1	50.0	16.2	41488	9.7
194.5	194.5	50.0	15.3	39102	9.1
194.9	194.8	50.0	14.9	38221	8.9
195.2	195.2	50.0	15.0	38316	8.9
195.6	195.6	50.0	14.1	36226	8.5
196.0	195.9	50.0	14.2	36373	8.5
196.4	196.3	50.0	13.5	34558	8.1
196.7	196.6	50.0	13.5	34553	8.1
197.1	197.0	50.0	13.2	33943	7.9
197.4	197.4	50.0	12.8	32862	7.7
197.8	197.7	50.0	12.8	32784	7.6
198.1	198.1	50.0	12.6	32158	7.5
198.5	198.5	50.0	12.3	31464	7.3
198.9	198.8	50.0	12.3	31454	7.3
199.2	199.2	50.0	11.8	30273	7.1
199.6	199.6	50.0	12.0	30711	7.2
200.0	199.9	50.0	11.8	30185	7.0
200.3	200.3	50.0	11.7	29933	7.0
200.6	200.6	50.0	11.4	29191	6.8
201.0	201.0	50.0	11.2	28645	6.7
201.4	201.3	50.0	11.3	29041	6.8
201.8	201.7	50.0	10.9	27904	6.5
202.1	202.1	50.0	10.8	27608	6.4
202.5	202.4	50.0	10.7	27489	6.4
202.9	202.8	50.0	10.7	27464	6.4
203.2	203.1	50.0	10.3	26516	6.2
203.6	203.5	50.0	10.3	26506	6.2
203.9	203.9	50.0	10.3	26279	6.1
204.3	204.2	50.0	10.2	26019	6.1
204.6	204.6	50.0	10.2	26258	6.1
205.0	205.0	50.0	10.1	25885	6.0
205.4	205.3	50.0	9.7	24911	5.8
205.8	205.7	50.0	9.8	25195	5.9
206.1	206.0	50.0	9.8	25093	5.8
206.5	206.4	50.0	9.5	24373	5.7
206.8	206.8	50.0	9.6	24470	5.7
207.1	207.1	50.0	9.3	23781	5.6
207.5	207.5	50.0	9.5	24250	5.6
207.9	207.8	50.0	9.2	23581	5.5
208.2	208.2	50.0	9.2	23600	5.5
208.6	208.5	50.0	9.2	23697	5.5
209.0	208.9	50.0	9.0	23037	5.4
209.3	209.3	50.0	8.9	22917	5.4
209.7	209.6	50.0	8.7	22393	5.2
210.0	210.0	50.0	8.9	22706	5.3
210.4	210.4	50.0	8.5	21819	5.1
210.7	210.7	50.0	8.6	22075	5.2
211.1	211.1	50.0	8.3	21388	5.0
211.5	211.4	50.0	8.5	21900	5.1
211.8	211.8	50.0	8.5	21658	5.1
212.2	212.1	50.0	8.1	20830	4.9
212.5	212.5	50.0	8.1	20661	4.8
212.9	212.9	50.0	8.3	21272	5.0
213.3	213.2	50.0	8.0	20533	4.8
213.6	213.6	50.0	8.1	20696	4.8
214.0	214.0	50.0	8.0	20602	4.8
214.4	214.3	50.0	7.7	19842	4.6
214.7	214.7	50.0	7.9	20145	4.7
215.1	215.0	50.0	7.6	19527	4.6
215.4	215.4	50.0	7.7	19632	4.6
215.8	215.7	50.0	7.8	19877	4.6
216.1	216.1	50.0	7.5	19268	4.5
216.5	216.5	50.0	7.5	19314	4.5
216.9	216.8	50.0	7.4	18891	4.4
217.2	217.2	50.0	7.4	18947	4.4
217.6	217.6	50.0	7.4	19085	4.5
218.0	217.9	50.0	7.4	19050	4.4
218.3	218.3	50.0	7.0	17821	4.2
218.7	218.6	50.0	7.3	18586	4.3
219.0	219.0	50.0	7.2	18451	4.3
219.4	219.4	50.0	7.1	18240	4.2
219.8	219.7	50.0	7.2	18425	4.3
220.1	220.1	50.0	6.8	17452	4.1
220.5	220.4	50.0	6.9	17705	4.1
220.9	220.8	50.0	6.9	17620	4.1
221.2	221.1	50.0	6.7	17117	4.0
221.6	221.5	50.0	6.9	17560	4.1
221.9	221.9	50.0	6.6	16822	3.9
222.3	222.2	50.0	6.5	16712	3.9
222.6	222.6	50.0	6.9	17636	4.1
223.0	222.9	50.0	6.4	16425	3.8
223.4	223.3	50.0	6.6	16792	3.9
223.7	223.7	50.0	6.4	16425	3.8
224.1	224.0	50.0	6.6	16969	4.0
224.4	224.4	50.0	6.2	15831	3.7
224.8	224.7	50.0	6.4	16499	3.9
225.1	225.1	50.0	6.2	15801	3.7
225.5	225.5	50.0	6.2	15904	3.7
225.9	225.8	50.0	6.1	15748	3.7
226.3	226.2	50.0	6.1	15600	3.6
226.6	226.6	50.0	6.0	15425	3.6
227.0	226.9	50.0	5.9	15213	3.5
227.3	227.3	50.0	5.8	14948	3.5
227.7	227.6	50.0	6.1	15668	3.6
228.0	228.0	50.0	5.8	14831	3.5
228.4	228.4	50.0	5.9	15173	3.5
228.7	228.7	50.0	5.8	14933	3.5
229.1	229.1	50.0	5.7	14702	3.4
229.5	229.5	50.0	5.9	15072	3.5
229.9	229.8	50.0	5.6	14291	3.3
230.0	230.0	50.0	5.7	14501	3.4


