30/09/2014 09:34:21

Radiation device:	U05 Accelerator
Energy:	6 MV
Controller:	CCU
Measurement device:	NWP484841
Field detector:	Thimble
Reference detector:	Diode
SAD:	1000 mm
SSD:	1000 mm
Field size:	100 x 100 mm
Gantry angle:	0
Measurement medium:	Water
Scan type:	Crossline
Scan mode:	Continuous

Points [mm]:
Inline	Crossline	Depth	Normalized field	Current field	Ratio
0.0	-110.0	50.0	1.4	4164	0.0
0.0	-108.9	50.0	1.5	4458	0.0
0.0	-107.1	50.0	1.6	4512	0.0
0.0	-105.3	50.0	1.6	4573	0.0
0.0	-104.3	50.0	1.8	5116	0.0
0.0	-103.1	50.0	1.7	4954	0.0
0.0	-101.9	50.0	1.8	5182	0.0
0.0	-100.7	50.0	1.8	5315	0.0
0.0	-99.5	50.0	1.9	5384	0.0
0.0	-98.3	50.0	1.9	5625	0.0
0.0	-97.1	50.0	2.0	5807	0.0
0.0	-95.9	50.0	2.1	5923	0.0
0.0	-94.6	50.0	2.1	6107	0.0
0.0	-93.4	50.0	2.2	6312	0.0
0.0	-92.2	50.0	2.3	6538	0.0
0.0	-90.9	50.0	2.4	6841	0.0
0.0	-89.8	50.0	2.4	7001	0.0
0.0	-88.5	50.0	2.5	7158	0.0
0.0	-87.3	50.0	2.5	7325	0.0
0.0	-86.1	50.0	2.7	7779	0.0
0.0	-84.9	50.0	2.7	7906	0.0
0.0	-83.6	50.0	2.9	8296	0.0
0.0	-82.4	50.0	2.9	8357	0.0
0.0	-81.2	50.0	3.0	8533	0.0
0.0	-80.0	50.0	3.2	9360	0.0
0.0	-78.8	50.0	3.3	9465	0.0
0.0	-77.6	50.0	3.4	9778	0.0
0.0	-76.3	50.0	3.6	10399	0.0
0.0	-75.1	50.0	3.7	10631	0.0
0.0	-73.9	50.0	3.9	11145	0.0
0.0	-72.7	50.0	4.0	11624	0.0
0.0	-71.5	50.0	4.2	12143	0.0
0.0	-70.3	50.0	4.4	12610	0.0
0.0	-69.1	50.0	4.6	13374	0.0
0.0	-67.9	50.0	4.9	14133	0.0
0.0	-66.7	50.0	5.1	14645	0.0
0.0	-65.5	50.0	5.4	15477	0.0
0.0	-64.2	50.0	5.7	16529	0.0
0.0	-63.0	50.0	6.0	17324	0.0
0.0	-61.8	50.0	6.5	18628	0.0
0.0	-60.6	50.0	7.0	20237	0.0
0.0	-59.4	50.0	7.6	21863	0.0
0.0	-58.2	50.0	8.5	24553	0.0
0.0	-57.0	50.0	9.8	28208	0.0
0.0	-55.8	50.0	11.8	34158	0.0
0.0	-54.6	50.0	15.1	43468	0.0
0.0	-53.3	50.0	21.3	61381	0.0
0.0	-52.1	50.0	31.0	89574	0.0
0.0	-50.9	50.0	42.9	123769	0.0
0.0	-49.6	50.0	56.1	162050	0.0
0.0	-48.5	50.0	68.2	197019	0.0
0.0	-47.3	50.0	78.8	227403	0.0
0.0	-46.1	50.0	86.6	250087	0.0
0.0	-44.9	50.0	91.1	262993	0.0
0.0	-43.6	50.0	93.9	270977	0.0
0.0	-42.4	50.0	95.3	275044	0.0
0.0	-41.2	50.0	96.3	277942	0.0
0.0	-40.0	50.0	97.1	280327	0.0
0.0	-38.8	50.0	97.8	282457	0.0
0.0	-37.5	50.0	98.2	283592	0.0
0.0	-36.3	50.0	98.5	284415	0.0
0.0	-35.1	50.0	98.5	284486	0.0
0.0	-33.9	50.0	99.2	286449	0.0
0.0	-32.7	50.0	99.1	286116	0.0
0.0	-31.5	50.0	99.5	287309	0.0
0.0	-30.2	50.0	99.8	288091	0.0
0.0	-29.1	50.0	99.8	288021	0.0
0.0	-27.8	50.0	99.7	287982	0.0
0.0	-26.6	50.0	99.9	288475	0.0
0.0	-25.4	50.0	100.1	288995	0.0
0.0	-24.2	50.0	100.3	289487	0.0
0.0	-23.0	50.0	100.1	289065	0.0
0.0	-21.8	50.0	100.2	289272	0.0
0.0	-20.6	50.0	100.2	289243	0.0
0.0	-19.3	50.0	100.1	289123	0.0
0.0	-18.1	50.0	100.3	289617	0.0
0.0	-16.9	50.0	100.8	291082	0.0
0.0	-15.7	50.0	100.6	290583	0.0
0.0	-14.5	50.0	100.6	290572	0.0
0.0	-13.3	50.0	100.8	291017	0.0
0.0	-12.1	50.0	101.0	291704	0.0
0.0	-10.9	50.0	100.7	290706	0.0
0.0	-9.7	50.0	100.8	291020	0.0
0.0	-8.5	50.0	101.1	292040	0.0
0.0	-7.3	50.0	101.0	291632	0.0
0.0	-6.1	50.0	100.8	291028	0.0
0.0	-4.8	50.0	100.9	291367	0.0
0.0	-3.6	50.0	101.0	291699	0.0
0.0	-2.4	50.0	101.0	291530	0.0
0.0	-1.2	50.0	100.7	290606	0.0
0.0	0.0	50.0	100.6	290595	0.0
0.0	1.2	50.0	100.7	290671	0.0
0.0	2.4	50.0	100.9	291213	0.0
0.0	3.6	50.0	101.1	291844	0.0
0.0	4.8	50.0	101.0	291592	0.0
0.0	6.1	50.0	101.2	292117	0.0
0.0	7.3	50.0	101.1	291809	0.0
0.0	8.5	50.0	100.9	291410	0.0
0.0	9.7	50.0	100.7	290635	0.0
0.0	10.9	50.0	101.0	291476	0.0
0.0	12.1	50.0	101.1	291901	0.0
0.0	13.3	50.0	101.0	291537	0.0
0.0	14.5	50.0	101.3	292525	0.0
0.0	15.7	50.0	101.3	292498	0.0
0.0	16.9	50.0	101.1	291912	0.0
0.0	18.1	50.0	101.1	292023	0.0
0.0	19.4	50.0	100.9	291449	0.0
0.0	20.6	50.0	100.7	290794	0.0
0.0	21.8	50.0	100.7	290627	0.0
0.0	23.0	50.0	100.4	289992	0.0
0.0	24.2	50.0	100.6	290492	0.0
0.0	25.4	50.0	100.8	291041	0.0
0.0	26.6	50.0	100.8	291157	0.0
0.0	27.8	50.0	100.4	290005	0.0
0.0	29.1	50.0	100.2	289290	0.0
0.0	30.3	50.0	100.0	288608	0.0
0.0	31.5	50.0	100.0	288840	0.0
0.0	32.7	50.0	100.3	289725	0.0
0.0	33.9	50.0	99.9	288331	0.0
0.0	35.1	50.0	99.5	287381	0.0
0.0	36.3	50.0	99.5	287374	0.0
0.0	37.5	50.0	99.5	287325	0.0
0.0	38.7	50.0	99.2	286328	0.0
0.0	39.9	50.0	98.9	285568	0.0
0.0	41.1	50.0	98.5	284469	0.0
0.0	42.3	50.0	98.3	283855	0.0
0.0	43.6	50.0	98.2	283626	0.0
0.0	44.8	50.0	97.5	281530	0.0
0.0	46.0	50.0	96.4	278354	0.0
0.0	47.2	50.0	95.1	274581	0.0
0.0	48.4	50.0	93.6	270118	0.0
0.0	49.6	50.0	91.0	262750	0.0
0.0	50.8	50.0	86.2	248741	0.0
0.0	52.0	50.0	77.6	224185	0.0
0.0	53.2	50.0	66.6	192277	0.0
0.0	54.4	50.0	54.2	156631	0.0
0.0	55.6	50.0	41.4	119525	0.0
0.0	56.8	50.0	29.5	85077	0.0
0.0	58.1	50.0	20.3	58596	0.0
0.0	59.3	50.0	14.6	42159	0.0
0.0	60.5	50.0	11.4	32903	0.0
0.0	61.7	50.0	9.6	27762	0.0
0.0	62.9	50.0	8.4	24246	0.0
0.0	64.1	50.0	7.6	22048	0.0
0.0	65.3	50.0	7.0	20241	0.0
0.0	66.5	50.0	6.5	18809	0.0
0.0	67.8	50.0	6.0	17415	0.0
0.0	69.0	50.0	5.8	16626	0.0
0.0	70.2	50.0	5.4	15569	0.0
0.0	71.4	50.0	5.1	14651	0.0
0.0	72.6	50.0	4.8	13861	0.0
0.0	73.8	50.0	4.6	13383	0.0
0.0	75.0	50.0	4.4	12681	0.0
0.0	76.3	50.0	4.3	12274	0.0
0.0	77.5	50.0	4.1	11751	0.0
0.0	78.7	50.0	3.9	11223	0.0
0.0	79.9	50.0	3.7	10672	0.0
0.0	81.1	50.0	3.6	10492	0.0
0.0	82.4	50.0	3.5	10162	0.0
0.0	83.6	50.0	3.2	9381	0.0
0.0	84.8	50.0	3.2	9282	0.0
0.0	86.0	50.0	3.1	8907	0.0
0.0	87.3	50.0	3.0	8552	0.0
0.0	88.5	50.0	2.8	8111	0.0
0.0	89.7	50.0	2.8	8030	0.0
0.0	90.9	50.0	2.6	7517	0.0
0.0	92.1	50.0	2.6	7445	0.0
0.0	93.3	50.0	2.5	7182	0.0
0.0	94.6	50.0	2.4	6822	0.0
0.0	95.8	50.0	2.3	6639	0.0
0.0	97.0	50.0	2.2	6455	0.0
0.0	98.2	50.0	2.2	6356	0.0
0.0	99.4	50.0	2.1	6059	0.0
0.0	100.7	50.0	2.0	5866	0.0
0.0	101.9	50.0	2.0	5654	0.0
0.0	103.1	50.0	2.0	5756	0.0
0.0	104.3	50.0	1.9	5489	0.0
0.0	105.6	50.0	1.9	5364	0.0
0.0	106.7	50.0	1.7	4929	0.0
0.0	108.0	50.0	1.7	4897	0.0
0.0	109.1	50.0	1.7	5011	0.0
0.0	110.0	50.0	1.7	4843	0.0


