2/6/2014 4:23:59 PM

Radiation device:	U04 Accelerator
Energy:	18 MeV
Controller:	CCU
Measurement device:	NWP484841
Field detector:	ParallelPlate
Reference detector:	Thimble
SAD:	1000 mm
SSD:	1000 mm
Field size:	200 x 200 mm
Gantry angle:	0
Measurement medium:	Water
Scan type:	Beam
Scan mode:	Continuous

Points [mm]:
Inline	Crossline	Depth	Normalized field	Current field	Ratio
0.0	0.0	140.0	2.9	18786	2.1
0.0	0.0	139.6	2.8	17982	2.1
0.0	0.0	138.7	3.1	19682	2.1
0.0	0.0	138.1	3.0	19357	2.1
0.0	0.0	137.6	3.0	19460	2.2
0.0	0.0	137.2	3.1	19556	2.2
0.0	0.0	136.8	3.0	19499	2.2
0.0	0.0	136.4	3.0	19491	2.2
0.0	0.0	135.9	3.1	19945	2.3
0.0	0.0	135.3	3.1	19668	2.2
0.0	0.0	134.8	3.1	19731	2.2
0.0	0.0	134.3	3.1	19827	2.2
0.0	0.0	133.8	3.1	19919	2.2
0.0	0.0	133.3	3.1	19976	2.3
0.0	0.0	132.8	2.8	18125	2.2
0.0	0.0	132.3	3.1	19888	2.2
0.0	0.0	131.8	3.2	20355	2.3
0.0	0.0	131.2	3.1	20101	2.2
0.0	0.0	130.7	3.2	20402	2.3
0.0	0.0	130.2	3.1	20129	2.3
0.0	0.0	129.7	3.2	20469	2.3
0.0	0.0	129.2	3.2	20363	2.3
0.0	0.0	128.7	3.2	20321	2.3
0.0	0.0	128.2	3.2	20379	2.3
0.0	0.0	127.7	3.2	20667	2.3
0.0	0.0	127.2	3.2	20746	2.3
0.0	0.0	126.7	3.2	20543	2.3
0.0	0.0	126.2	3.3	20817	2.3
0.0	0.0	125.7	3.3	20891	2.3
0.0	0.0	125.2	3.2	20578	2.3
0.0	0.0	124.7	3.3	21061	2.4
0.0	0.0	124.2	3.3	20997	2.4
0.0	0.0	123.7	3.3	21118	2.4
0.0	0.0	123.1	3.3	21118	2.4
0.0	0.0	122.6	3.3	21131	2.4
0.0	0.0	122.1	3.3	21190	2.4
0.0	0.0	121.6	3.3	21104	2.4
0.0	0.0	121.1	3.3	21365	2.4
0.0	0.0	120.6	3.4	21574	2.4
0.0	0.0	120.1	3.3	21437	2.4
0.0	0.0	119.6	3.4	21603	2.4
0.0	0.0	119.1	3.4	21497	2.4
0.0	0.0	118.6	3.4	21711	2.4
0.0	0.0	118.1	3.4	21724	2.4
0.0	0.0	117.6	3.4	21785	2.4
0.0	0.0	117.1	3.4	22030	2.5
0.0	0.0	116.6	3.5	22120	2.5
0.0	0.0	116.1	3.5	22154	2.5
0.0	0.0	115.6	3.4	22050	2.5
0.0	0.0	115.1	3.5	22104	2.5
0.0	0.0	114.6	3.4	22031	2.5
0.0	0.0	114.1	3.5	22185	2.5
0.0	0.0	113.6	3.5	22310	2.5
0.0	0.0	113.1	3.5	22626	2.5
0.0	0.0	112.6	3.5	22418	2.5
0.0	0.0	112.1	3.5	22509	2.5
0.0	0.0	111.6	3.5	22646	2.5
0.0	0.0	111.0	3.5	22641	2.5
0.0	0.0	110.5	3.5	22431	2.5
0.0	0.0	110.0	3.5	22668	2.5
0.0	0.0	109.5	3.6	23017	2.6
0.0	0.0	109.0	3.6	22829	2.6
0.0	0.0	108.5	3.6	22994	2.6
0.0	0.0	108.0	3.6	22981	2.6
0.0	0.0	107.5	3.6	22792	2.6
0.0	0.0	107.0	3.6	23367	2.6
0.0	0.0	106.5	3.6	23061	2.6
0.0	0.0	106.0	3.6	23232	2.6
0.0	0.0	105.5	3.6	23295	2.6
0.0	0.0	105.0	3.7	23560	2.6
0.0	0.0	104.5	3.7	23569	2.6
0.0	0.0	104.0	3.7	23541	2.6
0.0	0.0	103.5	3.7	23737	2.7
0.0	0.0	103.0	3.7	23873	2.7
0.0	0.0	102.5	3.7	23774	2.7
0.0	0.0	102.0	3.7	23985	2.7
0.0	0.0	101.5	3.8	24044	2.7
0.0	0.0	101.0	3.8	24135	2.7
0.0	0.0	100.4	3.8	24234	2.7
0.0	0.0	99.9	3.8	24445	2.7
0.0	0.0	99.4	3.8	24409	2.7
0.0	0.0	98.9	3.9	24686	2.8
0.0	0.0	98.4	3.9	24850	2.8
0.0	0.0	97.9	3.9	24949	2.8
0.0	0.0	97.4	3.9	25128	2.8
0.0	0.0	96.9	4.0	25339	2.8
0.0	0.0	96.4	4.0	25639	2.9
0.0	0.0	95.9	4.0	25828	2.9
0.0	0.0	95.4	4.1	26337	3.0
0.0	0.0	94.9	4.1	26516	3.0
0.0	0.0	94.4	4.3	27366	3.1
0.0	0.0	93.9	4.3	27581	3.1
0.0	0.0	93.4	4.4	28215	3.2
0.0	0.0	92.9	4.5	29076	3.3
0.0	0.0	92.4	4.7	30143	3.4
0.0	0.0	91.9	4.9	31489	3.5
0.0	0.0	91.4	5.0	31914	3.6
0.0	0.0	90.9	5.2	32992	3.7
0.0	0.0	90.4	5.5	35335	4.0
0.0	0.0	89.9	5.8	37219	4.2
0.0	0.0	89.4	6.1	39058	4.4
0.0	0.0	88.9	6.4	40982	4.6
0.0	0.0	88.4	6.7	42939	4.8
0.0	0.0	87.9	7.1	45531	5.1
0.0	0.0	87.3	7.6	48884	5.5
0.0	0.0	86.8	8.3	52960	5.9
0.0	0.0	86.3	8.7	55661	6.2
0.0	0.0	85.8	9.1	58312	6.5
0.0	0.0	85.3	9.9	63119	7.1
0.0	0.0	84.8	10.8	69338	7.8
0.0	0.0	84.3	11.6	74215	8.3
0.0	0.0	83.8	11.9	75912	8.5
0.0	0.0	83.3	12.5	80254	9.0
0.0	0.0	82.8	13.9	89142	10.0
0.0	0.0	82.3	15.1	96881	10.9
0.0	0.0	81.8	15.8	101429	11.4
0.0	0.0	81.3	16.8	107570	12.0
0.0	0.0	80.8	18.3	116913	13.1
0.0	0.0	80.3	19.3	123419	13.8
0.0	0.0	79.8	20.0	128049	14.3
0.0	0.0	79.3	21.6	138099	15.5
0.0	0.0	78.8	23.5	150704	16.9
0.0	0.0	78.3	25.1	160851	18.0
0.0	0.0	77.7	25.6	163815	18.4
0.0	0.0	77.2	26.8	171856	19.3
0.0	0.0	76.7	29.1	186647	20.9
0.0	0.0	76.2	31.4	200845	22.5
0.0	0.0	75.7	32.2	206284	23.1
0.0	0.0	75.2	33.4	214198	24.0
0.0	0.0	74.7	35.7	228504	25.6
0.0	0.0	74.2	37.9	242508	27.2
0.0	0.0	73.7	39.1	250382	28.1
0.0	0.0	73.2	40.4	258789	29.0
0.0	0.0	72.7	42.8	273818	30.7
0.0	0.0	72.2	45.3	290078	32.5
0.0	0.0	71.7	47.2	302265	33.9
0.0	0.0	71.2	48.5	310514	34.8
0.0	0.0	70.6	49.9	319734	35.8
0.0	0.0	70.1	52.0	333016	37.3
0.0	0.0	69.6	54.8	351181	39.3
0.0	0.0	69.1	57.0	364926	40.9
0.0	0.0	68.6	58.6	375497	42.1
0.0	0.0	68.1	60.0	384416	43.1
0.0	0.0	67.6	62.0	396994	44.5
0.0	0.0	67.1	64.0	409850	45.9
0.0	0.0	66.6	66.1	423048	47.4
0.0	0.0	66.1	68.1	436400	48.9
0.0	0.0	65.6	70.5	451546	50.6
0.0	0.0	65.1	72.3	462691	51.9
0.0	0.0	64.5	73.1	468104	52.4
0.0	0.0	64.0	74.8	479283	53.7
0.0	0.0	63.5	77.8	497937	55.8
0.0	0.0	63.0	79.8	511057	57.2
0.0	0.0	62.5	80.9	518159	58.0
0.0	0.0	62.0	82.3	527233	59.1
0.0	0.0	61.5	84.6	541489	60.7
0.0	0.0	61.0	86.3	552636	61.8
0.0	0.0	60.5	87.5	560181	62.8
0.0	0.0	59.9	89.6	573870	64.4
0.0	0.0	59.4	91.4	585344	65.5
0.0	0.0	58.9	92.8	594030	66.5
0.0	0.0	58.4	93.8	600715	67.3
0.0	0.0	57.9	95.5	611443	68.5
0.0	0.0	57.4	96.7	619528	69.4
0.0	0.0	56.9	98.0	627733	70.3
0.0	0.0	56.4	99.7	638473	71.5
0.0	0.0	55.9	101.3	648603	72.7
0.0	0.0	55.4	102.5	656147	73.5
0.0	0.0	54.9	103.2	661101	74.1
0.0	0.0	54.4	104.1	666717	74.7
0.0	0.0	53.9	105.7	676645	75.8
0.0	0.0	53.4	107.1	685772	76.8
0.0	0.0	52.9	108.1	692500	77.6
0.0	0.0	52.4	109.0	697779	78.1
0.0	0.0	51.9	109.9	704012	78.9
0.0	0.0	51.3	110.7	709187	79.5
0.0	0.0	50.8	111.6	714939	80.1
0.0	0.0	50.3	112.7	721630	80.8
0.0	0.0	49.8	113.7	728232	81.6
0.0	0.0	49.3	114.4	732643	82.1
0.0	0.0	48.8	115.0	736553	82.4
0.0	0.0	48.3	115.5	739710	82.8
0.0	0.0	47.8	116.5	746309	83.7
0.0	0.0	47.3	117.2	750611	84.0
0.0	0.0	46.8	117.9	754975	84.5
0.0	0.0	46.3	118.3	757630	84.9
0.0	0.0	45.8	118.8	760719	85.2
0.0	0.0	45.3	119.3	763667	85.6
0.0	0.0	44.8	119.9	767804	85.9
0.0	0.0	44.3	120.3	770315	86.3
0.0	0.0	43.8	120.8	773631	86.6
0.0	0.0	43.2	121.3	776543	87.1
0.0	0.0	42.7	122.0	781176	87.4
0.0	0.0	42.2	122.1	781720	87.5
0.0	0.0	41.7	122.3	783244	87.8
0.0	0.0	41.2	122.9	786737	88.1
0.0	0.0	40.7	123.1	788324	88.3
0.0	0.0	40.2	123.4	790409	88.5
0.0	0.0	39.7	123.7	791903	88.8
0.0	0.0	39.2	124.1	794732	88.9
0.0	0.0	38.7	124.1	794678	89.0
0.0	0.0	38.2	124.4	796574	89.3
0.0	0.0	37.7	124.6	798210	89.4
0.0	0.0	37.1	124.9	799683	89.6
0.0	0.0	36.7	125.1	801235	89.8
0.0	0.0	36.2	125.3	802610	90.0
0.0	0.0	35.7	125.4	802815	89.9
0.0	0.0	35.1	125.6	804369	90.1
0.0	0.0	34.6	125.8	805662	90.3
0.0	0.0	34.1	126.0	806917	90.4
0.0	0.0	33.6	126.1	807429	90.4
0.0	0.0	33.1	126.2	808126	90.5
0.0	0.0	32.6	126.3	809016	90.6
0.0	0.0	32.1	126.4	809710	90.6
0.0	0.0	31.6	126.5	810342	90.7
0.0	0.0	31.1	126.5	810141	90.8
0.0	0.0	30.6	126.9	812690	90.9
0.0	0.0	30.1	126.8	812261	91.0
0.0	0.0	29.6	126.8	812008	91.0
0.0	0.0	29.1	127.0	813400	91.0
0.0	0.0	28.5	127.1	814059	91.1
0.0	0.0	28.0	127.2	814376	91.3
0.0	0.0	27.5	127.2	814498	91.2
0.0	0.0	27.0	127.4	816080	91.3
0.0	0.0	26.5	127.3	815501	91.4
0.0	0.0	26.0	127.2	814689	91.3
0.0	0.0	25.5	127.4	816072	91.4
0.0	0.0	25.0	127.6	817186	91.3
0.0	0.0	24.5	127.4	816096	91.5
0.0	0.0	24.0	127.6	816905	91.4
0.0	0.0	23.5	127.6	817252	91.5
0.0	0.0	23.0	127.6	817383	91.5
0.0	0.0	22.5	127.6	817236	91.4
0.0	0.0	21.9	127.6	816995	91.5
0.0	0.0	21.4	127.7	818063	91.5
0.0	0.0	20.9	127.6	816853	91.4
0.0	0.0	20.4	127.6	817196	91.4
0.0	0.0	19.9	127.6	817317	91.5
0.0	0.0	19.4	127.8	818155	91.5
0.0	0.0	18.9	127.8	818501	91.5
0.0	0.0	18.4	127.7	817963	91.5
0.0	0.0	17.9	127.7	817894	91.5
0.0	0.0	17.4	127.8	818501	91.5
0.0	0.0	16.9	127.7	817824	91.5
0.0	0.0	16.4	127.7	817840	91.6
0.0	0.0	15.9	127.8	818108	91.6
0.0	0.0	15.4	127.7	817434	91.4
0.0	0.0	14.9	127.4	815534	91.3
0.0	0.0	14.4	127.5	816424	91.3
0.0	0.0	13.9	127.6	817094	91.3
0.0	0.0	13.4	127.6	817199	91.3
0.0	0.0	12.9	127.5	816274	91.5
0.0	0.0	12.3	127.4	815653	91.3
0.0	0.0	11.8	127.5	816315	91.3
0.0	0.0	11.3	127.2	814402	91.0
0.0	0.0	10.8	127.1	814055	91.0
0.0	0.0	10.3	127.1	813943	91.1
0.0	0.0	9.8	127.2	814510	91.1
0.0	0.0	9.3	127.0	813331	91.0
0.0	0.0	8.8	126.9	812585	90.9
0.0	0.0	8.3	126.6	810606	90.8
0.0	0.0	7.8	126.4	809548	90.6
0.0	0.0	7.3	126.5	810127	90.6
0.0	0.0	6.8	126.5	809753	90.7
0.0	0.0	6.3	126.3	808894	90.5
0.0	0.0	5.8	125.9	806335	90.2
0.0	0.0	5.3	125.6	804511	90.0
0.0	0.0	4.8	125.5	803939	89.8
0.0	0.0	4.3	125.4	803096	89.8
0.0	0.0	3.8	125.2	801790	89.7
0.0	0.0	3.3	124.8	799232	89.4
0.0	0.0	2.8	124.5	797229	89.2
0.0	0.0	2.3	124.1	794589	89.0
0.0	0.0	1.7	123.6	791792	88.6
0.0	0.0	1.2	123.1	788385	88.1
0.0	0.0	0.7	122.8	786070	88.0
0.0	0.0	0.2	122.6	784846	87.9
0.0	0.0	-0.3	122.7	785446	87.9
0.0	0.0	-0.5	122.6	785229	87.8


