1-2-2013 16:09:48

Radiation device:	U03 Accelerator
Energy:	10 MV
Controller:	CCU
Measurement device:	NWP484841
Field detector:	Thimble
Reference detector:	Thimble
SAD:	1000 mm
SSD:	1000 mm
Field size:	300 x 300 mm
Gantry angle:	0
Measurement medium:	Water
Scan type:	Crossline
Scan mode:	Continuous

Points [mm]:
Inline	Crossline	Depth	Normalized field	Current field	Ratio
0.0	-177.5	50.0	268.1	16165	220.0
0.0	-177.2	50.0	264.7	15964	217.7
0.0	-176.3	50.0	278.3	16784	228.2
0.0	-175.6	50.0	284.8	17174	233.5
0.0	-174.9	50.0	287.5	17334	235.9
0.0	-174.3	50.0	298.4	17992	244.8
0.0	-173.3	50.0	294.1	17734	241.0
0.0	-172.7	50.0	301.6	18189	245.4
0.0	-172.3	50.0	310.9	18749	254.2
0.0	-171.9	50.0	311.7	18794	255.4
0.0	-171.3	50.0	324.5	19569	265.8
0.0	-170.8	50.0	325.2	19610	267.3
0.0	-170.3	50.0	340.6	20542	277.7
0.0	-169.8	50.0	346.5	20894	283.2
0.0	-169.3	50.0	347.8	20975	283.9
0.0	-168.8	50.0	360.1	21714	293.6
0.0	-168.2	50.0	372.2	22444	303.8
0.0	-167.7	50.0	382.8	23086	311.8
0.0	-167.2	50.0	395.4	23846	324.4
0.0	-166.7	50.0	404.6	24397	332.9
0.0	-166.2	50.0	420.2	25339	343.4
0.0	-165.7	50.0	438.4	26439	359.9
0.0	-165.2	50.0	452.1	27260	371.4
0.0	-164.7	50.0	470.2	28355	385.0
0.0	-164.2	50.0	498.1	30036	409.3
0.0	-163.7	50.0	531.8	32068	435.9
0.0	-163.2	50.0	560.0	33772	458.5
0.0	-162.7	50.0	597.9	36055	490.8
0.0	-162.1	50.0	648.1	39083	531.6
0.0	-161.6	50.0	710.0	42815	580.4
0.0	-161.1	50.0	777.8	46901	639.5
0.0	-160.6	50.0	875.1	52773	713.7
0.0	-160.1	50.0	983.2	59291	808.3
0.0	-159.6	50.0	1144.6	69025	937.7
0.0	-159.1	50.0	1316.9	79411	1079.4
0.0	-158.5	50.0	1522.8	91831	1254.4
0.0	-158.0	50.0	1725.7	104068	1415.4
0.0	-157.5	50.0	1936.7	116788	1595.0
0.0	-156.9	50.0	2179.0	131399	1783.6
0.0	-156.4	50.0	2393.1	144308	1960.5
0.0	-155.9	50.0	2616.2	157763	2151.5
0.0	-155.3	50.0	2830.1	170666	2314.1
0.0	-154.8	50.0	3029.7	182702	2480.4
0.0	-154.3	50.0	3177.1	191589	2617.3
0.0	-153.8	50.0	3343.1	201599	2738.6
0.0	-153.3	50.0	3465.4	208974	2837.2
0.0	-152.8	50.0	3567.9	215152	2905.9
0.0	-152.3	50.0	3655.8	220458	2981.1
0.0	-151.8	50.0	3694.9	222816	3029.7
0.0	-151.2	50.0	3758.3	226639	3061.0
0.0	-150.8	50.0	3754.8	226423	3073.0
0.0	-150.2	50.0	3799.0	229088	3107.8
0.0	-149.7	50.0	3824.7	230641	3122.2
0.0	-149.2	50.0	3818.7	230278	3121.9
0.0	-148.7	50.0	3839.8	231553	3133.7
0.0	-148.2	50.0	3842.0	231686	3145.5
0.0	-147.7	50.0	3837.7	231422	3139.1
0.0	-147.2	50.0	3851.5	232257	3138.7
0.0	-146.6	50.0	3853.9	232402	3146.7
0.0	-146.1	50.0	3845.4	231887	3147.5
0.0	-145.6	50.0	3859.4	232735	3159.1
0.0	-145.1	50.0	3841.2	231633	3141.1
0.0	-144.6	50.0	3828.1	230844	3134.4
0.0	-144.0	50.0	3819.0	230296	3134.1
0.0	-143.6	50.0	3816.2	230129	3132.5
0.0	-143.0	50.0	3827.3	230798	3124.0
0.0	-142.5	50.0	3796.8	228958	3111.4
0.0	-142.0	50.0	3804.0	229391	3129.9
0.0	-141.5	50.0	3786.9	228363	3111.1
0.0	-141.0	50.0	3768.2	227234	3112.3
0.0	-140.5	50.0	3780.5	227973	3093.9
0.0	-140.0	50.0	3750.9	226193	3081.4
0.0	-139.4	50.0	3759.6	226715	3073.9
0.0	-138.9	50.0	3758.6	226655	3078.8
0.0	-138.4	50.0	3751.4	226223	3070.0
0.0	-137.9	50.0	3739.9	225530	3054.7
0.0	-137.3	50.0	3730.7	224975	3055.7
0.0	-136.8	50.0	3718.7	224246	3059.7
0.0	-136.4	50.0	3718.3	224226	3036.9
0.0	-135.9	50.0	3708.1	223608	3025.6
0.0	-135.3	50.0	3678.6	221831	3011.5
0.0	-134.9	50.0	3687.8	222384	3020.1
0.0	-134.3	50.0	3660.0	220710	3022.1
0.0	-133.8	50.0	3679.9	221907	2994.8
0.0	-133.3	50.0	3660.9	220762	2981.4
0.0	-132.8	50.0	3630.7	218943	2982.5
0.0	-132.3	50.0	3648.2	220000	2978.7
0.0	-131.7	50.0	3613.0	217875	2948.2
0.0	-131.2	50.0	3606.2	217462	2948.3
0.0	-130.7	50.0	3602.7	217252	2947.7
0.0	-130.2	50.0	3589.5	216457	2926.9
0.0	-129.7	50.0	3577.0	215706	2915.9
0.0	-129.2	50.0	3557.9	214553	2914.4
0.0	-128.6	50.0	3542.4	213620	2904.5
0.0	-128.1	50.0	3538.4	213377	2907.9
0.0	-127.6	50.0	3522.7	212429	2895.2
0.0	-127.1	50.0	3498.1	210944	2879.5
0.0	-126.5	50.0	3512.0	211786	2864.7
0.0	-126.0	50.0	3484.3	210111	2864.6
0.0	-125.5	50.0	3486.8	210263	2852.8
0.0	-125.0	50.0	3463.8	208877	2850.1
0.0	-124.5	50.0	3452.5	208196	2836.8
0.0	-124.0	50.0	3460.8	208697	2839.8
0.0	-123.5	50.0	3424.0	206480	2827.7
0.0	-123.0	50.0	3429.9	206834	2805.7
0.0	-122.4	50.0	3408.1	205515	2796.9
0.0	-122.0	50.0	3404.5	205302	2797.7
0.0	-121.4	50.0	3392.1	204554	2781.2
0.0	-120.9	50.0	3379.8	203811	2788.1
0.0	-120.4	50.0	3386.8	204234	2758.4
0.0	-119.9	50.0	3366.0	202977	2759.3
0.0	-119.4	50.0	3347.9	201890	2747.0
0.0	-118.8	50.0	3357.5	202467	2732.2
0.0	-118.4	50.0	3335.4	201136	2723.0
0.0	-117.9	50.0	3323.9	200438	2713.5
0.0	-117.3	50.0	3310.4	199629	2704.9
0.0	-116.8	50.0	3302.1	199124	2704.6
0.0	-116.3	50.0	3308.8	199533	2707.5
0.0	-115.8	50.0	3298.2	198889	2684.3
0.0	-115.2	50.0	3265.0	196887	2692.0
0.0	-114.8	50.0	3277.9	197668	2656.5
0.0	-114.2	50.0	3247.3	195823	2653.4
0.0	-113.7	50.0	3245.6	195720	2651.0
0.0	-113.2	50.0	3250.5	196014	2638.3
0.0	-112.7	50.0	3210.4	193599	2629.2
0.0	-112.1	50.0	3214.8	193865	2616.8
0.0	-111.6	50.0	3210.9	193629	2621.1
0.0	-111.1	50.0	3187.6	192222	2596.3
0.0	-110.6	50.0	3165.3	190880	2588.3
0.0	-110.0	50.0	3164.6	190838	2593.0
0.0	-109.5	50.0	3155.6	190289	2572.7
0.0	-109.0	50.0	3143.8	189578	2574.6
0.0	-108.5	50.0	3125.2	188460	2566.9
0.0	-108.0	50.0	3120.5	188173	2555.0
0.0	-107.5	50.0	3126.5	188535	2561.2
0.0	-107.0	50.0	3099.8	186924	2547.3
0.0	-106.5	50.0	3106.2	187310	2535.8
0.0	-106.0	50.0	3087.2	186165	2532.5
0.0	-105.5	50.0	3072.0	185250	2517.8
0.0	-105.0	50.0	3073.7	185351	2517.6
0.0	-104.4	50.0	3047.0	183744	2514.0
0.0	-104.0	50.0	3059.6	184502	2493.5
0.0	-103.4	50.0	3041.0	183380	2490.8
0.0	-102.9	50.0	3034.0	182956	2474.3
0.0	-102.4	50.0	3009.9	181508	2477.0
0.0	-101.9	50.0	3016.2	181887	2471.0
0.0	-101.4	50.0	3010.2	181522	2456.1
0.0	-100.8	50.0	2994.2	180562	2462.4
0.0	-100.4	50.0	2997.1	180735	2451.7
0.0	-99.9	50.0	2983.5	179917	2441.2
0.0	-99.3	50.0	2959.9	178489	2420.3
0.0	-98.8	50.0	2961.4	178583	2421.5
0.0	-98.3	50.0	2962.9	178672	2423.7
0.0	-97.8	50.0	2944.5	177564	2417.9
0.0	-97.3	50.0	2952.9	178069	2418.7
0.0	-96.8	50.0	2933.7	176911	2386.0
0.0	-96.2	50.0	2926.3	176466	2390.9
0.0	-95.7	50.0	2933.2	176881	2383.2
0.0	-95.2	50.0	2903.4	175085	2383.3
0.0	-94.7	50.0	2899.1	174823	2356.5
0.0	-94.1	50.0	2889.3	174232	2357.8
0.0	-93.6	50.0	2879.9	173665	2352.8
0.0	-93.2	50.0	2858.9	172399	2344.2
0.0	-92.6	50.0	2855.1	172173	2335.1
0.0	-92.1	50.0	2860.1	172473	2342.6
0.0	-91.6	50.0	2839.2	171212	2326.5
0.0	-91.1	50.0	2819.3	170012	2317.5
0.0	-90.6	50.0	2824.1	170302	2308.8
0.0	-90.0	50.0	2816.7	169855	2299.8
0.0	-89.6	50.0	2794.0	168485	2289.9
0.0	-89.0	50.0	2796.2	168619	2289.9
0.0	-88.5	50.0	2781.2	167714	2274.5
0.0	-88.0	50.0	2773.4	167244	2277.4
0.0	-87.5	50.0	2779.8	167630	2271.4
0.0	-87.0	50.0	2754.3	166090	2253.0
0.0	-86.4	50.0	2750.9	165888	2260.5
0.0	-85.9	50.0	2746.9	165644	2244.8
0.0	-85.4	50.0	2726.7	164426	2240.1
0.0	-84.9	50.0	2720.3	164041	2227.3
0.0	-84.4	50.0	2708.8	163346	2223.8
0.0	-83.9	50.0	2710.8	163469	2220.1
0.0	-83.3	50.0	2697.1	162642	2223.5
0.0	-82.8	50.0	2687.7	162074	2209.0
0.0	-82.3	50.0	2688.6	162129	2198.6
0.0	-81.8	50.0	2661.7	160507	2187.6
0.0	-81.3	50.0	2673.6	161228	2184.5
0.0	-80.8	50.0	2661.4	160490	2180.9
0.0	-80.3	50.0	2643.7	159424	2166.7
0.0	-79.7	50.0	2638.9	159133	2174.6
0.0	-79.2	50.0	2641.1	159269	2162.4
0.0	-78.8	50.0	2627.7	158459	2158.3
0.0	-78.2	50.0	2627.2	158429	2144.0
0.0	-77.7	50.0	2606.1	157153	2130.4
0.0	-77.2	50.0	2618.6	157911	2128.9
0.0	-76.7	50.0	2610.2	157401	2129.6
0.0	-76.2	50.0	2585.1	155890	2107.0
0.0	-75.6	50.0	2604.8	157079	2108.3
0.0	-75.2	50.0	2570.8	155028	2104.3
0.0	-74.6	50.0	2563.3	154577	2100.0
0.0	-74.1	50.0	2557.2	154204	2081.0
0.0	-73.6	50.0	2542.9	153344	2081.1
0.0	-73.1	50.0	2537.5	153019	2068.7
0.0	-72.6	50.0	2536.8	152976	2071.9
0.0	-72.0	50.0	2519.2	151912	2063.2
0.0	-71.5	50.0	2511.5	151448	2059.6
0.0	-71.0	50.0	2507.9	151236	2052.8
0.0	-70.5	50.0	2487.2	149984	2058.4
0.0	-70.0	50.0	2502.6	150912	2055.1
0.0	-69.5	50.0	2484.7	149835	2029.2
0.0	-68.9	50.0	2469.0	148890	2020.6
0.0	-68.4	50.0	2463.0	148527	2025.7
0.0	-67.9	50.0	2447.1	147567	2025.4
0.0	-67.4	50.0	2453.4	147944	1998.3
0.0	-66.9	50.0	2435.4	146862	2002.7
0.0	-66.4	50.0	2439.9	147134	2000.9
0.0	-65.9	50.0	2432.9	146709	1992.3
0.0	-65.3	50.0	2416.2	145701	1986.2
0.0	-64.8	50.0	2411.9	145445	1982.0
0.0	-64.3	50.0	2408.7	145249	1971.8
0.0	-63.8	50.0	2396.0	144483	1974.6
0.0	-63.3	50.0	2387.7	143986	1966.4
0.0	-62.8	50.0	2377.1	143345	1942.8
0.0	-62.3	50.0	2364.1	142564	1937.6
0.0	-61.7	50.0	2358.3	142211	1938.4
0.0	-61.2	50.0	2355.3	142034	1929.3
0.0	-60.7	50.0	2350.3	141732	1913.0
0.0	-60.2	50.0	2355.4	142040	1916.0
0.0	-59.7	50.0	2327.6	140360	1908.7
0.0	-59.2	50.0	2333.3	140706	1910.4
0.0	-58.7	50.0	2308.5	139207	1896.5
0.0	-58.1	50.0	2329.5	140476	1894.1
0.0	-57.6	50.0	2319.6	139876	1889.2
0.0	-57.1	50.0	2286.2	137866	1874.0
0.0	-56.6	50.0	2309.5	139267	1873.5
0.0	-56.1	50.0	2278.7	137413	1864.8
0.0	-55.6	50.0	2271.6	136981	1863.5
0.0	-55.1	50.0	2269.0	136829	1852.1
0.0	-54.6	50.0	2257.2	136118	1846.3
0.0	-54.0	50.0	2241.8	135185	1829.8
0.0	-53.6	50.0	2228.9	134410	1823.7
0.0	-53.0	50.0	2222.0	133992	1816.9
0.0	-52.5	50.0	2218.9	133808	1811.1
0.0	-52.0	50.0	2210.8	133318	1809.6
0.0	-51.5	50.0	2201.6	132766	1803.7
0.0	-51.0	50.0	2199.6	132642	1811.7
0.0	-50.5	50.0	2188.2	131957	1799.3
0.0	-50.0	50.0	2193.9	132301	1792.9
0.0	-49.4	50.0	2165.3	130572	1780.2
0.0	-48.9	50.0	2164.4	130519	1780.6
0.0	-48.4	50.0	2169.5	130829	1771.4
0.0	-47.9	50.0	2156.0	130015	1763.1
0.0	-47.4	50.0	2145.5	129381	1765.0
0.0	-46.8	50.0	2133.5	128655	1759.2
0.0	-46.4	50.0	2117.3	127682	1750.0
0.0	-45.8	50.0	2121.5	127933	1737.7
0.0	-45.3	50.0	2115.3	127558	1731.5
0.0	-44.8	50.0	2113.0	127418	1735.8
0.0	-44.3	50.0	2089.6	126011	1719.9
0.0	-43.7	50.0	2090.8	126079	1713.4
0.0	-43.2	50.0	2092.4	126179	1714.3
0.0	-42.7	50.0	2087.5	125882	1708.7
0.0	-42.2	50.0	2077.2	125261	1705.2
0.0	-41.6	50.0	2071.1	124894	1701.7
0.0	-41.1	50.0	2055.5	123954	1681.4
0.0	-40.6	50.0	2065.5	124553	1685.9
0.0	-40.1	50.0	2055.1	123926	1674.6
0.0	-39.6	50.0	2043.7	123238	1672.2
0.0	-39.1	50.0	2061.0	124283	1672.4
0.0	-38.6	50.0	2044.6	123293	1666.3
0.0	-38.0	50.0	2022.0	121930	1652.8
0.0	-37.6	50.0	2032.3	122552	1662.4
0.0	-37.1	50.0	2020.7	121853	1656.0
0.0	-36.6	50.0	2013.9	121443	1643.1
0.0	-36.0	50.0	1999.0	120545	1632.7
0.0	-35.5	50.0	1997.6	120463	1627.7
0.0	-35.0	50.0	1984.3	119660	1629.4
0.0	-34.5	50.0	1986.8	119812	1624.8
0.0	-34.0	50.0	1974.9	119093	1623.3
0.0	-33.5	50.0	1980.2	119413	1613.6
0.0	-32.9	50.0	1963.1	118383	1613.4
0.0	-32.4	50.0	1960.8	118243	1609.3
0.0	-31.9	50.0	1962.5	118345	1598.0
0.0	-31.4	50.0	1942.1	117112	1597.6
0.0	-30.9	50.0	1940.3	117004	1585.4
0.0	-30.4	50.0	1925.2	116093	1576.9
0.0	-29.9	50.0	1928.8	116313	1579.7
0.0	-29.3	50.0	1930.1	116388	1576.7
0.0	-28.8	50.0	1907.4	115021	1562.3
0.0	-28.3	50.0	1912.7	115341	1565.7
0.0	-27.8	50.0	1901.4	114662	1560.3
0.0	-27.3	50.0	1895.0	114274	1555.6
0.0	-26.8	50.0	1888.6	113890	1551.4
0.0	-26.3	50.0	1879.1	113313	1542.1
0.0	-25.8	50.0	1882.9	113544	1536.9
0.0	-25.2	50.0	1869.9	112760	1538.9
0.0	-24.8	50.0	1858.3	112059	1522.8
0.0	-24.2	50.0	1860.9	112216	1520.3
0.0	-23.7	50.0	1849.8	111548	1516.3
0.0	-23.2	50.0	1844.0	111201	1513.2
0.0	-22.7	50.0	1853.7	111785	1509.1
0.0	-22.2	50.0	1831.8	110465	1508.3
0.0	-21.6	50.0	1832.1	110483	1492.5
0.0	-21.1	50.0	1830.4	110376	1490.0
0.0	-20.6	50.0	1815.2	109460	1485.5
0.0	-20.1	50.0	1822.8	109919	1478.4
0.0	-19.6	50.0	1797.9	108416	1474.1
0.0	-19.1	50.0	1807.6	109004	1466.9
0.0	-18.5	50.0	1796.9	108359	1463.2
0.0	-18.0	50.0	1780.7	107378	1462.1
0.0	-17.5	50.0	1773.8	106966	1455.2
0.0	-17.0	50.0	1765.2	106449	1442.3
0.0	-16.5	50.0	1758.9	106067	1430.5
0.0	-16.0	50.0	1762.5	106282	1433.5
0.0	-15.5	50.0	1746.3	105305	1434.1
0.0	-14.9	50.0	1736.9	104741	1427.5
0.0	-14.4	50.0	1739.2	104877	1415.7
0.0	-13.9	50.0	1726.5	104110	1420.7
0.0	-13.4	50.0	1720.1	103726	1409.9
0.0	-12.9	50.0	1716.6	103518	1402.9
0.0	-12.4	50.0	1710.3	103135	1408.9
0.0	-11.9	50.0	1716.9	103534	1405.9
0.0	-11.3	50.0	1705.8	102866	1398.4
0.0	-10.8	50.0	1704.2	102768	1395.4
0.0	-10.3	50.0	1686.3	101690	1385.8
0.0	-9.8	50.0	1681.8	101417	1377.3
0.0	-9.3	50.0	1676.0	101070	1376.3
0.0	-8.8	50.0	1673.3	100902	1370.8
0.0	-8.3	50.0	1661.6	100200	1362.0
0.0	-7.7	50.0	1651.8	99610	1359.4
0.0	-7.2	50.0	1644.0	99139	1350.7
0.0	-6.7	50.0	1651.0	99560	1351.6
0.0	-6.2	50.0	1643.1	99085	1351.8
0.0	-5.6	50.0	1628.6	98207	1336.0
0.0	-5.1	50.0	1624.9	97984	1322.6
0.0	-4.6	50.0	1624.9	97985	1319.8
0.0	-4.1	50.0	1605.6	96822	1317.9
0.0	-3.6	50.0	1612.3	97229	1312.4
0.0	-3.1	50.0	1601.9	96599	1307.6
0.0	-2.6	50.0	1607.8	96956	1311.8
0.0	-2.0	50.0	1594.1	96129	1303.3
0.0	-1.5	50.0	1594.3	96139	1300.1
0.0	-1.0	50.0	1586.2	95655	1291.3
0.0	-0.5	50.0	1573.3	94873	1292.5
0.0	0.0	50.0	1577.9	95150	1276.9
0.0	0.5	50.0	1564.9	94368	1274.2
0.0	1.0	50.0	1558.2	93964	1270.6
0.0	1.5	50.0	1562.5	94221	1268.6
0.0	2.0	50.0	1549.9	93463	1270.9
0.0	2.5	50.0	1543.2	93057	1264.2
0.0	3.0	50.0	1535.7	92606	1259.6
0.0	3.6	50.0	1531.5	92356	1253.9
0.0	4.1	50.0	1518.5	91571	1246.1
0.0	4.6	50.0	1530.1	92269	1245.0
0.0	5.1	50.0	1513.3	91254	1241.9
0.0	5.7	50.0	1504.7	90739	1232.1
0.0	6.2	50.0	1499.6	90429	1230.7
0.0	6.7	50.0	1488.8	89778	1224.9
0.0	7.2	50.0	1494.8	90139	1225.8
0.0	7.8	50.0	1485.4	89575	1220.4
0.0	8.2	50.0	1483.3	89447	1216.0
0.0	8.8	50.0	1476.2	89019	1207.6
0.0	9.3	50.0	1474.6	88920	1210.8
0.0	9.8	50.0	1475.6	88982	1205.5
0.0	10.3	50.0	1453.0	87619	1195.2
0.0	10.8	50.0	1461.6	88137	1193.6
0.0	11.4	50.0	1454.5	87713	1186.4
0.0	11.8	50.0	1456.8	87849	1186.5
0.0	12.4	50.0	1448.5	87350	1188.0
0.0	12.9	50.0	1450.3	87458	1182.1
0.0	13.4	50.0	1433.2	86425	1172.2
0.0	13.9	50.0	1423.3	85830	1170.4
0.0	14.4	50.0	1425.2	85946	1170.8
0.0	14.9	50.0	1424.2	85881	1163.3
0.0	15.4	50.0	1417.3	85465	1151.5
0.0	15.9	50.0	1406.6	84821	1151.7
0.0	16.5	50.0	1410.0	85028	1144.0
0.0	17.0	50.0	1405.5	84758	1150.8
0.0	17.5	50.0	1411.1	85094	1149.4
0.0	18.0	50.0	1392.7	83982	1135.6
0.0	18.5	50.0	1379.4	83184	1134.4
0.0	19.0	50.0	1385.2	83534	1129.0
0.0	19.6	50.0	1376.5	83005	1127.0
0.0	20.1	50.0	1375.4	82941	1124.2
0.0	20.6	50.0	1374.2	82868	1121.5
0.0	21.1	50.0	1355.9	81763	1108.9
0.0	21.6	50.0	1356.0	81768	1108.8
0.0	22.2	50.0	1347.7	81269	1099.8
0.0	22.6	50.0	1346.3	81187	1098.0
0.0	23.2	50.0	1329.6	80177	1094.8
0.0	23.7	50.0	1331.1	80270	1087.3
0.0	24.2	50.0	1327.7	80063	1087.5
0.0	24.7	50.0	1320.1	79609	1082.1
0.0	25.2	50.0	1309.6	78971	1081.6
0.0	25.8	50.0	1310.7	79039	1067.7
0.0	26.3	50.0	1301.8	78505	1064.9
0.0	26.8	50.0	1296.1	78157	1062.1
0.0	27.3	50.0	1294.1	78038	1059.0
0.0	27.8	50.0	1287.3	77629	1059.1
0.0	28.3	50.0	1286.7	77594	1054.9
0.0	28.9	50.0	1283.9	77422	1049.9
0.0	29.4	50.0	1272.7	76748	1048.1
0.0	29.9	50.0	1267.3	76423	1038.9
0.0	30.4	50.0	1258.1	75869	1032.7
0.0	30.9	50.0	1257.1	75807	1027.6
0.0	31.4	50.0	1255.9	75735	1028.7
0.0	31.9	50.0	1256.3	75759	1028.6
0.0	32.4	50.0	1241.7	74880	1020.3
0.0	33.0	50.0	1238.8	74701	1013.0
0.0	33.5	50.0	1231.4	74260	1013.5
0.0	34.0	50.0	1229.5	74145	1002.5
0.0	34.5	50.0	1230.3	74190	1003.2
0.0	35.0	50.0	1225.1	73879	1000.6
0.0	35.6	50.0	1225.2	73882	994.9
0.0	36.1	50.0	1208.4	72872	994.9
0.0	36.6	50.0	1216.6	73366	988.8
0.0	37.1	50.0	1208.3	72862	987.2
0.0	37.6	50.0	1195.7	72102	978.7
0.0	38.2	50.0	1205.2	72675	972.7
0.0	38.6	50.0	1195.8	72113	973.8
0.0	39.2	50.0	1185.0	71460	970.4
0.0	39.7	50.0	1182.8	71324	968.7
0.0	40.2	50.0	1181.9	71272	964.6
0.0	40.7	50.0	1166.0	70311	954.2
0.0	41.2	50.0	1169.6	70528	956.3
0.0	41.7	50.0	1154.8	69635	950.5
0.0	42.2	50.0	1163.0	70129	950.0
0.0	42.7	50.0	1151.9	69463	946.6
0.0	43.3	50.0	1148.4	69249	941.5
0.0	43.8	50.0	1155.2	69662	944.3
0.0	44.2	50.0	1136.3	68524	937.8
0.0	44.8	50.0	1132.4	68285	928.8
0.0	45.3	50.0	1136.5	68533	927.9
0.0	45.8	50.0	1127.3	67980	928.6
0.0	46.3	50.0	1129.3	68102	925.0
0.0	46.8	50.0	1120.6	67573	915.7
0.0	47.4	50.0	1118.6	67453	916.6
0.0	47.8	50.0	1107.7	66800	906.7
0.0	48.4	50.0	1104.9	66630	903.7
0.0	48.9	50.0	1110.6	66971	908.0
0.0	49.4	50.0	1108.4	66841	906.2
0.0	49.9	50.0	1096.0	66094	896.6
0.0	50.5	50.0	1088.3	65630	895.0
0.0	51.0	50.0	1091.0	65789	894.2
0.0	51.5	50.0	1089.6	65707	892.5
0.0	52.0	50.0	1085.7	65471	888.3
0.0	52.5	50.0	1078.4	65029	883.6
0.0	53.0	50.0	1084.5	65396	885.4
0.0	53.5	50.0	1074.9	64822	879.1
0.0	54.1	50.0	1069.6	64497	871.6
0.0	54.6	50.0	1076.4	64912	873.3
0.0	55.1	50.0	1057.7	63781	868.6
0.0	55.6	50.0	1060.4	63947	864.4
0.0	56.1	50.0	1061.0	63984	864.0
0.0	56.6	50.0	1059.0	63864	858.9
0.0	57.1	50.0	1045.9	63073	854.6
0.0	57.7	50.0	1036.2	62488	846.6
0.0	58.2	50.0	1037.6	62572	844.9
0.0	58.7	50.0	1032.1	62240	843.2
0.0	59.2	50.0	1026.2	61885	839.4
0.0	59.7	50.0	1025.7	61851	837.5
0.0	60.2	50.0	1015.0	61208	837.0
0.0	60.7	50.0	1017.9	61383	836.4
0.0	61.3	50.0	1008.0	60786	824.4
0.0	61.8	50.0	1008.9	60841	827.5
0.0	62.3	50.0	1005.2	60615	823.2
0.0	62.8	50.0	1003.0	60484	822.1
0.0	63.3	50.0	988.3	59600	811.5
0.0	63.8	50.0	992.9	59872	810.6
0.0	64.3	50.0	988.1	59588	807.4
0.0	64.9	50.0	978.5	59009	802.6
0.0	65.4	50.0	980.4	59123	803.8
0.0	65.9	50.0	973.8	58725	798.5
0.0	66.4	50.0	972.2	58629	793.3
0.0	66.9	50.0	971.0	58552	794.7
0.0	67.4	50.0	963.7	58114	789.6
0.0	67.9	50.0	968.1	58382	793.1
0.0	68.5	50.0	964.0	58130	790.0
0.0	69.0	50.0	953.9	57521	781.3
0.0	69.5	50.0	947.8	57157	778.2
0.0	70.0	50.0	949.6	57265	777.0
0.0	70.5	50.0	942.9	56862	772.7
0.0	71.0	50.0	939.8	56673	765.3
0.0	71.5	50.0	936.6	56477	767.3
0.0	72.0	50.0	936.4	56465	762.3
0.0	72.6	50.0	936.4	56466	767.9
0.0	73.1	50.0	930.8	56128	759.6
0.0	73.6	50.0	934.0	56324	755.3
0.0	74.1	50.0	924.3	55738	757.0
0.0	74.6	50.0	917.8	55347	747.4
0.0	75.1	50.0	918.2	55373	749.7
0.0	75.7	50.0	919.2	55430	746.6
0.0	76.2	50.0	912.5	55024	744.0
0.0	76.7	50.0	898.6	54190	733.8
0.0	77.2	50.0	896.6	54068	733.6
0.0	77.8	50.0	890.0	53670	727.0
0.0	78.2	50.0	894.8	53957	730.4
0.0	78.8	50.0	885.3	53388	720.6
0.0	79.3	50.0	880.7	53110	715.8
0.0	79.8	50.0	881.6	53163	718.3
0.0	80.3	50.0	882.1	53193	722.4
0.0	80.8	50.0	871.9	52578	712.9
0.0	81.4	50.0	868.2	52358	709.4
0.0	81.9	50.0	866.3	52238	706.5
0.0	82.4	50.0	862.6	52020	706.3
0.0	82.9	50.0	856.7	51659	699.8
0.0	83.4	50.0	854.1	51503	700.8
0.0	83.9	50.0	846.3	51033	690.7
0.0	84.4	50.0	844.1	50902	691.4
0.0	84.9	50.0	841.0	50713	686.4
0.0	85.4	50.0	845.3	50976	684.4
0.0	85.9	50.0	831.9	50167	682.4
0.0	86.5	50.0	848.9	51190	691.7
0.0	87.0	50.0	829.4	50014	676.9
0.0	87.5	50.0	835.4	50379	685.2
0.0	88.0	50.0	826.6	49847	676.3
0.0	88.5	50.0	826.9	49862	671.9
0.0	89.0	50.0	815.8	49195	667.0
0.0	89.5	50.0	816.7	49249	667.3
0.0	90.1	50.0	815.0	49146	668.9
0.0	90.6	50.0	817.1	49273	668.8
0.0	91.1	50.0	816.0	49208	662.4
0.0	91.6	50.0	798.6	48157	653.6
0.0	92.1	50.0	803.7	48466	658.0
0.0	92.6	50.0	804.6	48521	658.1
0.0	93.1	50.0	802.6	48397	652.5
0.0	93.7	50.0	798.6	48157	649.4
0.0	94.2	50.0	782.7	47200	637.7
0.0	94.7	50.0	792.0	47760	644.3
0.0	95.2	50.0	786.5	47430	641.5
0.0	95.7	50.0	782.5	47187	640.0
0.0	96.2	50.0	775.2	46749	633.1
0.0	96.7	50.0	777.2	46868	632.5
0.0	97.3	50.0	773.4	46637	631.6
0.0	97.8	50.0	767.2	46263	627.4
0.0	98.2	50.0	767.6	46291	628.7
0.0	98.8	50.0	751.5	45316	616.9
0.0	99.3	50.0	755.2	45541	615.7
0.0	99.8	50.0	755.6	45565	620.7
0.0	100.3	50.0	754.1	45476	616.3
0.0	100.8	50.0	737.4	44467	604.7
0.0	101.4	50.0	737.6	44477	604.5
0.0	101.9	50.0	736.6	44419	601.6
0.0	102.4	50.0	735.6	44357	602.0
0.0	102.9	50.0	733.0	44199	596.1
0.0	103.4	50.0	728.5	43928	594.7
0.0	104.0	50.0	721.7	43522	591.5
0.0	104.5	50.0	729.1	43965	598.7
0.0	105.0	50.0	719.0	43359	592.5
0.0	105.5	50.0	719.4	43385	588.6
0.0	106.0	50.0	717.3	43254	586.3
0.0	106.6	50.0	704.2	42468	577.6
0.0	107.0	50.0	708.9	42749	579.8
0.0	107.5	50.0	713.0	42996	578.9
0.0	108.1	50.0	698.4	42118	573.4
0.0	108.6	50.0	701.9	42326	573.7
0.0	109.1	50.0	698.8	42139	573.0
0.0	109.6	50.0	692.5	41758	563.2
0.0	110.1	50.0	693.9	41842	567.8
0.0	110.6	50.0	685.6	41343	558.7
0.0	111.1	50.0	692.6	41769	563.8
0.0	111.7	50.0	686.9	41424	559.6
0.0	112.2	50.0	686.2	41380	555.2
0.0	112.7	50.0	680.4	41029	552.3
0.0	113.2	50.0	678.6	40921	553.1
0.0	113.7	50.0	673.1	40592	547.4
0.0	114.2	50.0	678.2	40900	554.6
0.0	114.7	50.0	667.0	40223	544.4
0.0	115.3	50.0	665.4	40125	543.4
0.0	115.8	50.0	663.1	39988	541.2
0.0	116.3	50.0	660.0	39801	542.3
0.0	116.8	50.0	659.8	39790	537.3
0.0	117.3	50.0	652.6	39351	533.8
0.0	117.8	50.0	649.1	39141	530.2
0.0	118.3	50.0	648.8	39127	529.7
0.0	118.9	50.0	638.2	38482	524.2
0.0	119.4	50.0	639.1	38541	521.7
0.0	119.9	50.0	633.5	38202	522.1
0.0	120.4	50.0	633.4	38196	519.7
0.0	120.9	50.0	626.3	37767	510.2
0.0	121.4	50.0	630.1	37997	517.4
0.0	121.9	50.0	623.9	37623	509.5
0.0	122.5	50.0	623.4	37590	508.2
0.0	123.0	50.0	618.7	37312	506.6
0.0	123.5	50.0	626.1	37756	510.6
0.0	124.0	50.0	617.7	37246	506.4
0.0	124.6	50.0	615.6	37123	501.5
0.0	125.0	50.0	605.8	36534	493.5
0.0	125.5	50.0	607.4	36627	494.7
0.0	126.1	50.0	601.0	36245	492.5
0.0	126.6	50.0	607.0	36601	493.2
0.0	127.1	50.0	601.6	36277	490.1
0.0	127.6	50.0	601.8	36292	488.5
0.0	128.1	50.0	592.7	35743	483.2
0.0	128.6	50.0	599.0	36124	483.7
0.0	129.2	50.0	588.7	35499	479.9
0.0	129.7	50.0	594.9	35872	483.1
0.0	130.2	50.0	591.3	35655	479.2
0.0	130.7	50.0	580.3	34993	476.7
0.0	131.2	50.0	585.1	35286	475.6
0.0	131.8	50.0	582.6	35135	475.8
0.0	132.2	50.0	577.7	34837	471.2
0.0	132.8	50.0	575.2	34689	471.1
0.0	133.3	50.0	572.3	34509	467.3
0.0	133.8	50.0	571.7	34475	464.1
0.0	134.3	50.0	562.2	33900	459.3
0.0	134.8	50.0	559.0	33707	457.0
0.0	135.3	50.0	557.6	33622	456.8
0.0	135.8	50.0	561.2	33841	458.2
0.0	136.3	50.0	552.7	33328	453.4
0.0	136.8	50.0	549.5	33137	447.9
0.0	137.4	50.0	547.0	32984	448.9
0.0	137.9	50.0	546.6	32963	448.3
0.0	138.4	50.0	546.0	32926	447.3
0.0	138.9	50.0	545.9	32919	449.7
0.0	139.4	50.0	534.5	32230	436.6
0.0	139.9	50.0	540.4	32587	442.4
0.0	140.4	50.0	533.6	32178	437.6
0.0	141.0	50.0	525.4	31685	430.7
0.0	141.4	50.0	526.3	31735	430.2
0.0	142.0	50.0	527.2	31793	431.2
0.0	142.5	50.0	523.2	31552	431.7
0.0	143.0	50.0	521.1	31423	424.8
0.0	143.5	50.0	523.1	31544	424.6
0.0	144.1	50.0	515.6	31091	422.8
0.0	144.6	50.0	513.6	30971	420.5
0.0	145.1	50.0	508.3	30650	415.2
0.0	145.6	50.0	510.0	30757	416.3
0.0	146.2	50.0	504.9	30449	411.3
0.0	146.6	50.0	507.4	30600	412.8
0.0	147.1	50.0	496.3	29927	405.9
0.0	147.7	50.0	498.8	30079	406.3
0.0	148.2	50.0	497.1	29977	405.7
0.0	148.7	50.0	491.9	29665	400.2
0.0	149.2	50.0	487.3	29383	396.4
0.0	149.7	50.0	480.0	28944	393.1
0.0	150.2	50.0	479.6	28920	391.5
0.0	150.7	50.0	466.4	28125	381.1
0.0	151.3	50.0	467.2	28171	379.0
0.0	151.8	50.0	457.8	27605	372.3
0.0	152.3	50.0	448.2	27027	367.2
0.0	152.8	50.0	448.4	27039	365.5
0.0	153.3	50.0	437.5	26384	356.3
0.0	153.8	50.0	427.5	25778	348.3
0.0	154.3	50.0	415.5	25056	338.3
0.0	154.9	50.0	399.8	24111	326.5
0.0	155.4	50.0	377.8	22784	309.4
0.0	155.9	50.0	365.8	22060	298.0
0.0	156.4	50.0	353.3	21302	288.8
0.0	157.0	50.0	332.9	20075	272.8
0.0	157.4	50.0	316.9	19110	260.2
0.0	158.0	50.0	297.9	17966	245.5
0.0	158.5	50.0	286.1	17253	233.6
0.0	159.0	50.0	265.8	16029	217.5
0.0	159.5	50.0	260.8	15729	213.2
0.0	160.0	50.0	239.4	14436	195.3
0.0	160.6	50.0	225.3	13588	184.8
0.0	161.0	50.0	223.6	13486	182.7
0.0	161.5	50.0	213.6	12880	174.7
0.0	162.1	50.0	213.3	12860	173.9
0.0	162.6	50.0	200.3	12080	164.1
0.0	163.1	50.0	200.7	12101	164.2
0.0	163.6	50.0	192.2	11591	157.2
0.0	164.1	50.0	195.9	11811	159.9
0.0	164.6	50.0	192.6	11612	157.4
0.0	165.1	50.0	187.2	11289	152.8
0.0	165.7	50.0	176.2	10627	144.3
0.0	166.2	50.0	181.9	10967	148.4
0.0	166.7	50.0	180.8	10900	147.1
0.0	167.2	50.0	171.9	10365	140.9
0.0	167.7	50.0	179.6	10830	145.3
0.0	168.2	50.0	175.9	10607	143.1
0.0	168.7	50.0	166.8	10057	136.0
0.0	169.3	50.0	172.8	10423	140.8
0.0	169.8	50.0	165.5	9982	135.4
0.0	170.3	50.0	175.0	10551	142.2
0.0	170.8	50.0	165.4	9976	134.9
0.0	171.3	50.0	162.9	9822	133.4
0.0	171.8	50.0	165.1	9958	134.7
0.0	172.3	50.0	159.4	9612	130.5
0.0	172.9	50.0	160.6	9684	131.4
0.0	173.4	50.0	156.7	9452	127.7
0.0	173.9	50.0	158.2	9538	129.2
0.0	174.4	50.0	156.2	9418	127.9
0.0	175.0	50.0	156.8	9457	127.4
0.0	175.4	50.0	153.2	9237	125.1
0.0	176.0	50.0	147.4	8888	120.1
0.0	176.5	50.0	153.9	9282	125.8
0.0	177.0	50.0	153.0	9226	125.2
0.0	177.4	50.0	149.8	9032	122.3
0.0	177.3	50.0	143.2	8636	117.3
0.0	177.5	50.0	147.0	8862	120.3


