1-2-2013 15:51:04

Radiation device:	U03 Accelerator
Energy:	10 MV
Controller:	CCU
Measurement device:	NWP484841
Field detector:	Thimble
Reference detector:	Thimble
SAD:	1000 mm
SSD:	1000 mm
Field size:	300 x 300 mm
Gantry angle:	0
Measurement medium:	Water
Scan type:	Inline
Scan mode:	Continuous

Points [mm]:
Inline	Crossline	Depth	Normalized field	Current field	Ratio
-177.5	0.0	50.0	140.2	8456	140.9
-177.2	0.0	50.0	141.9	8554	142.1
-176.1	0.0	50.0	148.2	8937	148.5
-175.5	0.0	50.0	145.0	8745	145.2
-174.9	0.0	50.0	148.0	8925	148.1
-174.3	0.0	50.0	152.7	9210	154.0
-173.4	0.0	50.0	141.9	8557	141.6
-172.7	0.0	50.0	152.2	9178	152.6
-172.3	0.0	50.0	154.0	9284	154.8
-172.0	0.0	50.0	152.1	9170	152.9
-171.5	0.0	50.0	152.7	9211	153.1
-170.9	0.0	50.0	157.2	9480	156.9
-170.4	0.0	50.0	161.4	9733	161.5
-169.9	0.0	50.0	159.5	9621	160.1
-169.3	0.0	50.0	168.1	10135	167.8
-168.8	0.0	50.0	168.1	10136	168.6
-168.2	0.0	50.0	164.1	9896	165.1
-167.7	0.0	50.0	168.9	10187	170.4
-167.1	0.0	50.0	170.8	10301	170.4
-166.5	0.0	50.0	168.0	10131	168.5
-165.9	0.0	50.0	177.1	10682	176.7
-165.4	0.0	50.0	175.5	10585	176.5
-165.0	0.0	50.0	177.0	10673	177.8
-164.5	0.0	50.0	190.5	11487	190.4
-164.1	0.0	50.0	174.8	10541	176.6
-163.6	0.0	50.0	185.3	11172	186.2
-163.0	0.0	50.0	194.5	11731	195.2
-162.6	0.0	50.0	195.6	11797	195.9
-162.1	0.0	50.0	188.8	11385	189.9
-161.6	0.0	50.0	200.9	12118	203.0
-161.1	0.0	50.0	205.5	12392	205.5
-160.6	0.0	50.0	213.1	12851	213.5
-160.2	0.0	50.0	220.9	13322	222.5
-159.6	0.0	50.0	229.6	13847	229.2
-159.1	0.0	50.0	248.7	14997	247.1
-158.6	0.0	50.0	248.6	14989	250.0
-158.1	0.0	50.0	266.6	16077	265.3
-157.6	0.0	50.0	275.9	16638	276.9
-157.1	0.0	50.0	299.4	18055	298.0
-156.6	0.0	50.0	312.1	18818	311.8
-156.0	0.0	50.0	337.4	20344	335.5
-155.5	0.0	50.0	354.5	21378	354.4
-154.9	0.0	50.0	379.4	22881	378.9
-154.3	0.0	50.0	390.8	23563	391.4
-153.8	0.0	50.0	415.6	25062	414.3
-153.3	0.0	50.0	422.8	25495	423.6
-152.7	0.0	50.0	432.0	26052	432.7
-152.2	0.0	50.0	443.6	26753	444.0
-151.6	0.0	50.0	447.3	26976	448.8
-151.1	0.0	50.0	458.9	27672	459.6
-150.6	0.0	50.0	462.7	27901	464.1
-150.0	0.0	50.0	463.2	27933	464.6
-149.5	0.0	50.0	467.1	28169	468.6
-149.0	0.0	50.0	481.8	29054	480.7
-148.5	0.0	50.0	477.0	28765	477.1
-148.0	0.0	50.0	485.5	29276	485.3
-147.5	0.0	50.0	478.6	28864	480.3
-147.0	0.0	50.0	485.5	29280	487.2
-146.4	0.0	50.0	489.1	29497	488.6
-145.9	0.0	50.0	494.3	29806	497.0
-145.4	0.0	50.0	496.4	29935	494.4
-144.9	0.0	50.0	494.0	29791	494.8
-144.4	0.0	50.0	502.4	30296	503.8
-143.9	0.0	50.0	505.3	30468	506.8
-143.4	0.0	50.0	507.5	30604	509.1
-143.0	0.0	50.0	510.9	30807	512.0
-142.5	0.0	50.0	514.9	31050	513.8
-141.9	0.0	50.0	515.0	31055	517.2
-141.4	0.0	50.0	519.3	31317	519.5
-140.9	0.0	50.0	528.0	31841	526.8
-140.4	0.0	50.0	519.4	31319	517.7
-139.9	0.0	50.0	524.6	31635	523.0
-139.3	0.0	50.0	536.1	32328	534.0
-138.8	0.0	50.0	533.6	32177	530.8
-138.3	0.0	50.0	530.5	31989	529.0
-137.8	0.0	50.0	532.9	32137	533.0
-137.3	0.0	50.0	543.9	32796	539.2
-136.8	0.0	50.0	542.3	32704	540.3
-136.3	0.0	50.0	536.8	32373	537.1
-135.8	0.0	50.0	547.5	33018	546.7
-135.2	0.0	50.0	545.9	32917	545.1
-134.7	0.0	50.0	553.2	33359	551.6
-134.2	0.0	50.0	553.5	33376	552.9
-133.7	0.0	50.0	552.2	33298	548.9
-133.1	0.0	50.0	558.2	33663	557.1
-132.6	0.0	50.0	559.9	33762	560.1
-132.1	0.0	50.0	561.6	33864	561.9
-131.6	0.0	50.0	562.3	33906	561.8
-131.1	0.0	50.0	564.6	34044	565.6
-130.6	0.0	50.0	572.3	34514	571.4
-130.0	0.0	50.0	569.4	34339	571.1
-129.5	0.0	50.0	581.0	35038	579.3
-129.0	0.0	50.0	578.9	34911	581.3
-128.5	0.0	50.0	582.2	35106	584.5
-128.0	0.0	50.0	581.0	35037	583.9
-127.5	0.0	50.0	587.9	35449	588.1
-126.9	0.0	50.0	582.5	35127	587.2
-126.4	0.0	50.0	594.9	35875	596.8
-125.9	0.0	50.0	597.1	36006	599.2
-125.4	0.0	50.0	597.3	36017	596.2
-124.9	0.0	50.0	598.0	36059	596.5
-124.4	0.0	50.0	600.5	36213	602.1
-123.9	0.0	50.0	608.7	36707	608.5
-123.4	0.0	50.0	606.6	36578	605.3
-122.8	0.0	50.0	607.8	36651	606.9
-122.3	0.0	50.0	619.2	37339	620.2
-121.8	0.0	50.0	611.9	36898	609.3
-121.3	0.0	50.0	619.5	37357	616.4
-120.8	0.0	50.0	627.2	37821	623.1
-120.3	0.0	50.0	627.3	37825	627.2
-119.8	0.0	50.0	631.3	38071	628.6
-119.2	0.0	50.0	633.8	38217	627.7
-118.7	0.0	50.0	627.3	37827	626.7
-118.3	0.0	50.0	635.1	38301	628.8
-117.7	0.0	50.0	635.3	38308	639.5
-117.2	0.0	50.0	642.9	38770	645.4
-116.7	0.0	50.0	655.4	39524	653.7
-116.2	0.0	50.0	649.4	39160	647.2
-115.6	0.0	50.0	643.9	38830	647.4
-115.1	0.0	50.0	652.2	39331	649.9
-114.6	0.0	50.0	657.8	39669	657.1
-114.1	0.0	50.0	659.3	39757	657.6
-113.5	0.0	50.0	662.1	39928	665.1
-113.0	0.0	50.0	667.2	40233	667.2
-112.5	0.0	50.0	665.7	40142	667.9
-112.0	0.0	50.0	662.6	39954	666.7
-111.5	0.0	50.0	675.4	40731	674.6
-111.0	0.0	50.0	668.0	40283	671.2
-110.5	0.0	50.0	670.6	40441	674.9
-109.9	0.0	50.0	686.1	41373	685.5
-109.5	0.0	50.0	682.8	41176	682.0
-109.0	0.0	50.0	692.4	41752	693.4
-108.4	0.0	50.0	684.1	41252	686.7
-107.9	0.0	50.0	689.7	41590	695.3
-107.4	0.0	50.0	694.5	41878	692.2
-106.9	0.0	50.0	694.6	41885	693.3
-106.4	0.0	50.0	697.5	42063	694.0
-105.9	0.0	50.0	701.8	42323	702.4
-105.4	0.0	50.0	706.6	42611	708.0
-104.8	0.0	50.0	711.8	42924	707.5
-104.3	0.0	50.0	711.4	42897	711.2
-103.8	0.0	50.0	714.4	43081	718.5
-103.3	0.0	50.0	723.3	43620	720.5
-102.8	0.0	50.0	724.0	43658	724.4
-102.3	0.0	50.0	724.1	43666	727.2
-101.8	0.0	50.0	735.2	44333	731.3
-101.2	0.0	50.0	727.0	43840	724.8
-100.7	0.0	50.0	745.3	44946	741.2
-100.2	0.0	50.0	737.7	44487	736.3
-99.7	0.0	50.0	746.2	44999	741.4
-99.2	0.0	50.0	746.3	45003	741.2
-98.7	0.0	50.0	747.3	45067	743.6
-98.2	0.0	50.0	750.6	45263	751.3
-97.6	0.0	50.0	753.4	45430	751.4
-97.1	0.0	50.0	757.1	45653	752.8
-96.6	0.0	50.0	757.6	45686	753.9
-96.1	0.0	50.0	768.7	46357	762.9
-95.6	0.0	50.0	765.6	46170	765.9
-95.1	0.0	50.0	770.4	46457	768.5
-94.6	0.0	50.0	769.2	46387	775.7
-94.1	0.0	50.0	778.5	46944	778.8
-93.5	0.0	50.0	784.7	47318	780.2
-93.0	0.0	50.0	780.9	47090	784.6
-92.5	0.0	50.0	785.2	47350	781.3
-92.0	0.0	50.0	786.1	47402	788.8
-91.5	0.0	50.0	794.9	47933	795.5
-91.0	0.0	50.0	792.1	47767	789.3
-90.5	0.0	50.0	793.5	47852	798.7
-89.9	0.0	50.0	804.4	48506	803.1
-89.5	0.0	50.0	795.1	47945	804.9
-88.9	0.0	50.0	809.3	48801	812.0
-88.4	0.0	50.0	818.8	49375	818.1
-87.9	0.0	50.0	817.4	49294	821.5
-87.4	0.0	50.0	813.4	49050	814.8
-86.8	0.0	50.0	818.5	49359	816.8
-86.3	0.0	50.0	820.3	49469	820.3
-85.8	0.0	50.0	830.8	50098	830.3
-85.3	0.0	50.0	831.5	50141	827.4
-84.8	0.0	50.0	828.5	49963	827.9
-84.3	0.0	50.0	848.2	51150	846.6
-83.8	0.0	50.0	838.4	50556	841.1
-83.2	0.0	50.0	855.8	51607	848.7
-82.7	0.0	50.0	844.2	50906	840.5
-82.2	0.0	50.0	852.9	51433	850.9
-81.7	0.0	50.0	865.5	52193	856.2
-81.2	0.0	50.0	865.3	52183	865.6
-80.7	0.0	50.0	866.3	52238	858.9
-80.2	0.0	50.0	871.4	52549	868.4
-79.6	0.0	50.0	868.6	52378	871.9
-79.1	0.0	50.0	880.3	53086	876.0
-78.6	0.0	50.0	876.4	52851	872.7
-78.1	0.0	50.0	878.0	52948	880.6
-77.6	0.0	50.0	887.3	53509	889.3
-77.1	0.0	50.0	890.1	53679	891.5
-76.6	0.0	50.0	886.8	53474	887.8
-76.0	0.0	50.0	893.4	53874	892.6
-75.5	0.0	50.0	893.7	53894	900.3
-75.0	0.0	50.0	907.2	54705	905.2
-74.5	0.0	50.0	898.1	54157	898.3
-74.0	0.0	50.0	908.3	54775	911.7
-73.5	0.0	50.0	909.1	54820	902.6
-73.0	0.0	50.0	915.1	55185	916.2
-72.4	0.0	50.0	923.2	55671	923.2
-71.9	0.0	50.0	922.2	55612	923.6
-71.4	0.0	50.0	924.9	55771	924.9
-70.9	0.0	50.0	929.4	56048	930.1
-70.4	0.0	50.0	931.0	56140	934.4
-69.9	0.0	50.0	938.1	56570	936.0
-69.4	0.0	50.0	935.5	56411	931.2
-68.8	0.0	50.0	939.6	56659	942.0
-68.3	0.0	50.0	952.1	57417	949.5
-67.8	0.0	50.0	953.9	57524	952.9
-67.3	0.0	50.0	957.8	57757	956.9
-66.7	0.0	50.0	954.7	57574	949.0
-66.3	0.0	50.0	962.1	58019	964.7
-65.7	0.0	50.0	968.4	58400	965.6
-65.2	0.0	50.0	971.8	58605	969.9
-64.7	0.0	50.0	976.8	58903	975.8
-64.2	0.0	50.0	980.9	59153	975.7
-63.7	0.0	50.0	987.4	59543	980.8
-63.1	0.0	50.0	984.7	59379	977.5
-62.6	0.0	50.0	989.7	59680	980.9
-62.1	0.0	50.0	993.9	59936	991.1
-61.6	0.0	50.0	1000.3	60323	994.7
-61.1	0.0	50.0	1008.5	60818	1001.7
-60.6	0.0	50.0	1002.8	60475	996.3
-60.1	0.0	50.0	1008.0	60788	1006.4
-59.5	0.0	50.0	1010.9	60962	1009.0
-59.1	0.0	50.0	1017.9	61383	1015.5
-58.6	0.0	50.0	1025.8	61857	1019.6
-58.0	0.0	50.0	1022.1	61637	1019.6
-57.5	0.0	50.0	1023.8	61737	1023.2
-57.0	0.0	50.0	1045.8	63068	1038.2
-56.5	0.0	50.0	1034.7	62397	1034.1
-56.0	0.0	50.0	1043.6	62934	1047.8
-55.5	0.0	50.0	1046.4	63101	1044.7
-55.0	0.0	50.0	1053.9	63555	1049.4
-54.4	0.0	50.0	1058.2	63815	1059.3
-53.9	0.0	50.0	1053.0	63500	1052.4
-53.4	0.0	50.0	1061.2	63992	1059.0
-52.9	0.0	50.0	1064.3	64179	1062.8
-52.4	0.0	50.0	1065.3	64243	1063.4
-51.9	0.0	50.0	1078.4	65030	1073.0
-51.4	0.0	50.0	1073.5	64736	1079.6
-50.8	0.0	50.0	1088.3	65625	1085.6
-50.3	0.0	50.0	1083.4	65333	1081.5
-49.8	0.0	50.0	1083.3	65324	1094.7
-49.3	0.0	50.0	1092.0	65851	1094.4
-48.8	0.0	50.0	1101.0	66395	1094.6
-48.3	0.0	50.0	1096.1	66097	1101.3
-47.8	0.0	50.0	1110.6	66973	1108.8
-47.2	0.0	50.0	1111.5	67028	1110.0
-46.7	0.0	50.0	1112.9	67112	1113.9
-46.2	0.0	50.0	1114.5	67208	1111.7
-45.7	0.0	50.0	1123.3	67736	1117.1
-45.2	0.0	50.0	1127.1	67969	1115.9
-44.7	0.0	50.0	1128.7	68063	1129.4
-44.2	0.0	50.0	1143.5	68957	1136.3
-43.7	0.0	50.0	1145.9	69104	1136.2
-43.1	0.0	50.0	1138.5	68654	1135.5
-42.6	0.0	50.0	1155.9	69705	1138.9
-42.1	0.0	50.0	1151.9	69463	1141.3
-41.6	0.0	50.0	1158.1	69839	1155.4
-41.1	0.0	50.0	1156.4	69736	1147.3
-40.6	0.0	50.0	1154.7	69633	1152.3
-40.1	0.0	50.0	1164.6	70226	1163.2
-39.5	0.0	50.0	1169.6	70532	1163.1
-39.0	0.0	50.0	1177.1	70981	1163.3
-38.5	0.0	50.0	1177.8	71025	1172.2
-38.0	0.0	50.0	1182.4	71302	1177.8
-37.5	0.0	50.0	1184.8	71450	1186.4
-37.0	0.0	50.0	1191.8	71867	1188.4
-36.4	0.0	50.0	1191.0	71820	1189.3
-35.9	0.0	50.0	1204.9	72656	1205.7
-35.4	0.0	50.0	1200.4	72388	1200.8
-34.9	0.0	50.0	1206.7	72769	1209.0
-34.4	0.0	50.0	1212.3	73104	1208.7
-33.9	0.0	50.0	1215.1	73273	1214.5
-33.4	0.0	50.0	1230.3	74193	1225.0
-32.8	0.0	50.0	1232.1	74300	1230.6
-32.3	0.0	50.0	1228.2	74062	1227.5
-31.8	0.0	50.0	1235.2	74488	1231.7
-31.3	0.0	50.0	1238.5	74685	1240.2
-30.7	0.0	50.0	1243.9	75009	1242.7
-30.3	0.0	50.0	1246.2	75148	1246.3
-29.7	0.0	50.0	1261.7	76082	1261.5
-29.2	0.0	50.0	1269.4	76548	1267.4
-28.7	0.0	50.0	1270.1	76592	1265.3
-28.2	0.0	50.0	1273.9	76817	1272.9
-27.7	0.0	50.0	1287.7	77650	1283.7
-27.2	0.0	50.0	1290.1	77798	1289.7
-26.7	0.0	50.0	1294.9	78088	1281.7
-26.1	0.0	50.0	1300.5	78424	1287.8
-25.6	0.0	50.0	1301.5	78484	1296.3
-25.1	0.0	50.0	1314.0	79239	1299.9
-24.6	0.0	50.0	1299.9	78387	1296.4
-24.1	0.0	50.0	1315.5	79326	1310.0
-23.6	0.0	50.0	1325.8	79950	1317.9
-23.1	0.0	50.0	1322.7	79763	1318.3
-22.6	0.0	50.0	1320.0	79598	1316.4
-22.0	0.0	50.0	1330.7	80247	1327.5
-21.5	0.0	50.0	1340.0	80806	1338.9
-21.0	0.0	50.0	1340.0	80807	1341.1
-20.5	0.0	50.0	1348.3	81304	1347.8
-20.0	0.0	50.0	1344.3	81065	1347.2
-19.5	0.0	50.0	1362.3	82153	1354.5
-18.9	0.0	50.0	1357.4	81857	1361.2
-18.4	0.0	50.0	1358.3	81910	1350.9
-17.9	0.0	50.0	1369.3	82575	1360.7
-17.4	0.0	50.0	1371.0	82675	1371.6
-16.9	0.0	50.0	1376.0	82978	1374.9
-16.3	0.0	50.0	1385.1	83526	1384.5
-15.9	0.0	50.0	1387.9	83696	1383.5
-15.4	0.0	50.0	1391.2	83895	1388.1
-14.8	0.0	50.0	1389.7	83801	1393.9
-14.3	0.0	50.0	1404.1	84670	1401.0
-13.8	0.0	50.0	1408.0	84907	1413.1
-13.3	0.0	50.0	1410.8	85078	1416.8
-12.8	0.0	50.0	1420.4	85654	1423.2
-12.3	0.0	50.0	1419.2	85584	1424.1
-11.8	0.0	50.0	1427.8	86102	1423.1
-11.2	0.0	50.0	1430.0	86233	1431.5
-10.7	0.0	50.0	1439.0	86778	1435.2
-10.2	0.0	50.0	1452.9	87614	1444.9
-9.7	0.0	50.0	1446.0	87197	1439.8
-9.2	0.0	50.0	1451.8	87547	1445.1
-8.7	0.0	50.0	1472.1	88774	1462.4
-8.2	0.0	50.0	1464.2	88297	1458.8
-7.6	0.0	50.0	1481.8	89355	1471.3
-7.1	0.0	50.0	1484.1	89493	1474.0
-6.6	0.0	50.0	1475.9	88999	1470.0
-6.1	0.0	50.0	1485.0	89549	1479.4
-5.6	0.0	50.0	1481.8	89357	1483.3
-5.1	0.0	50.0	1499.9	90448	1484.4
-4.6	0.0	50.0	1506.2	90826	1491.6
-4.1	0.0	50.0	1505.1	90765	1505.9
-3.5	0.0	50.0	1508.5	90966	1493.7
-3.0	0.0	50.0	1509.7	91042	1500.3
-2.5	0.0	50.0	1510.2	91072	1509.1
-2.0	0.0	50.0	1521.2	91731	1514.0
-1.5	0.0	50.0	1523.8	91888	1520.4
-1.0	0.0	50.0	1527.2	92094	1532.5
-0.4	0.0	50.0	1540.8	92916	1536.4
0.1	0.0	50.0	1537.3	92702	1533.6
0.6	0.0	50.0	1550.8	93519	1546.8
1.1	0.0	50.0	1553.0	93652	1552.9
1.6	0.0	50.0	1556.3	93849	1555.6
2.1	0.0	50.0	1567.5	94523	1564.3
2.6	0.0	50.0	1564.8	94360	1560.0
3.2	0.0	50.0	1582.5	95431	1577.3
3.7	0.0	50.0	1581.1	95346	1586.4
4.1	0.0	50.0	1590.8	95930	1587.4
4.7	0.0	50.0	1596.2	96258	1585.0
5.2	0.0	50.0	1595.2	96198	1601.8
5.7	0.0	50.0	1616.8	97496	1609.6
6.2	0.0	50.0	1611.8	97196	1612.5
6.7	0.0	50.0	1620.6	97725	1625.2
7.3	0.0	50.0	1628.4	98197	1622.2
7.7	0.0	50.0	1640.3	98912	1628.0
8.3	0.0	50.0	1645.9	99252	1645.2
8.8	0.0	50.0	1649.9	99492	1646.8
9.3	0.0	50.0	1651.1	99569	1652.0
9.8	0.0	50.0	1666.5	100493	1657.1
10.3	0.0	50.0	1688.6	101827	1673.2
10.9	0.0	50.0	1677.3	101147	1667.9
11.4	0.0	50.0	1691.0	101974	1672.2
11.9	0.0	50.0	1689.6	101890	1683.0
12.4	0.0	50.0	1690.6	101947	1690.9
12.9	0.0	50.0	1699.4	102479	1685.3
13.4	0.0	50.0	1709.4	103079	1698.6
13.9	0.0	50.0	1723.6	103939	1702.3
14.5	0.0	50.0	1728.5	104235	1719.7
15.0	0.0	50.0	1729.4	104286	1725.3
15.5	0.0	50.0	1736.1	104691	1721.3
16.0	0.0	50.0	1739.0	104869	1735.7
16.5	0.0	50.0	1741.3	105004	1748.6
17.0	0.0	50.0	1751.9	105646	1741.4
17.6	0.0	50.0	1767.3	106574	1761.3
18.1	0.0	50.0	1762.2	106267	1766.8
18.6	0.0	50.0	1774.3	106993	1767.6
19.1	0.0	50.0	1777.2	107170	1767.1
19.7	0.0	50.0	1790.3	107957	1790.0
20.2	0.0	50.0	1777.3	107178	1781.1
20.7	0.0	50.0	1789.3	107903	1786.5
21.2	0.0	50.0	1800.3	108562	1803.6
21.7	0.0	50.0	1806.2	108921	1807.2
22.2	0.0	50.0	1831.9	110469	1807.1
22.7	0.0	50.0	1819.3	109707	1820.5
23.3	0.0	50.0	1828.9	110287	1820.2
23.7	0.0	50.0	1833.4	110561	1834.2
24.3	0.0	50.0	1831.1	110418	1827.5
24.8	0.0	50.0	1851.9	111678	1850.5
25.3	0.0	50.0	1858.4	112065	1853.9
25.8	0.0	50.0	1868.3	112666	1858.9
26.3	0.0	50.0	1867.1	112592	1860.4
26.9	0.0	50.0	1874.7	113047	1869.6
27.3	0.0	50.0	1888.4	113875	1876.6
27.9	0.0	50.0	1896.9	114388	1888.7
28.4	0.0	50.0	1896.4	114357	1884.8
28.9	0.0	50.0	1897.6	114433	1887.7
29.4	0.0	50.0	1919.1	115729	1910.2
29.9	0.0	50.0	1921.5	115874	1909.3
30.5	0.0	50.0	1936.9	116798	1918.2
31.0	0.0	50.0	1930.4	116407	1916.2
31.5	0.0	50.0	1947.2	117422	1923.2
32.0	0.0	50.0	1952.0	117712	1940.2
32.5	0.0	50.0	1942.1	117115	1933.5
33.0	0.0	50.0	1963.8	118425	1947.1
33.5	0.0	50.0	1958.6	118107	1955.2
34.1	0.0	50.0	1975.2	119108	1963.9
34.5	0.0	50.0	1976.2	119171	1972.1
35.0	0.0	50.0	1981.1	119464	1971.5
35.6	0.0	50.0	1971.9	118908	1969.4
36.1	0.0	50.0	2000.1	120613	1977.1
36.6	0.0	50.0	1995.4	120331	1982.4
37.1	0.0	50.0	1994.5	120272	1988.2
37.6	0.0	50.0	2004.3	120868	2004.0
38.1	0.0	50.0	2016.4	121594	2008.9
38.6	0.0	50.0	2028.6	122332	2019.6
39.2	0.0	50.0	2018.8	121737	2016.5
39.7	0.0	50.0	2037.1	122842	2016.5
40.1	0.0	50.0	2037.5	122870	2024.5
40.6	0.0	50.0	2036.3	122798	2049.1
41.2	0.0	50.0	2059.6	124198	2049.5
41.7	0.0	50.0	2062.4	124369	2062.1
42.2	0.0	50.0	2069.7	124811	2056.0
42.7	0.0	50.0	2082.4	125575	2071.5
43.3	0.0	50.0	2080.0	125429	2076.4
43.7	0.0	50.0	2081.5	125520	2080.8
44.3	0.0	50.0	2105.6	126972	2107.8
44.8	0.0	50.0	2125.8	128192	2108.1
45.3	0.0	50.0	2121.8	127952	2119.3
45.8	0.0	50.0	2119.8	127833	2117.7
46.4	0.0	50.0	2132.5	128596	2123.9
46.9	0.0	50.0	2144.8	129338	2142.2
47.4	0.0	50.0	2154.1	129900	2152.9
47.9	0.0	50.0	2172.4	131004	2165.3
48.4	0.0	50.0	2184.1	131706	2177.2
48.9	0.0	50.0	2187.8	131933	2182.2
49.4	0.0	50.0	2199.2	132619	2177.5
49.9	0.0	50.0	2188.4	131967	2181.9
50.5	0.0	50.0	2211.7	133370	2190.4
51.0	0.0	50.0	2211.4	133351	2194.6
51.5	0.0	50.0	2221.8	133979	2208.7
52.0	0.0	50.0	2231.2	134551	2209.8
52.5	0.0	50.0	2239.8	135066	2234.6
53.0	0.0	50.0	2249.9	135676	2226.3
53.5	0.0	50.0	2240.2	135093	2226.2
54.1	0.0	50.0	2254.0	135922	2236.3
54.5	0.0	50.0	2261.2	136359	2249.0
55.1	0.0	50.0	2276.6	137284	2272.3
55.6	0.0	50.0	2282.1	137618	2266.2
56.1	0.0	50.0	2283.7	137713	2284.8
56.6	0.0	50.0	2287.9	137968	2292.7
57.2	0.0	50.0	2304.3	138954	2288.1
57.7	0.0	50.0	2312.5	139449	2291.3
58.1	0.0	50.0	2302.2	138829	2297.2
58.7	0.0	50.0	2327.4	140351	2315.6
59.2	0.0	50.0	2337.0	140929	2332.2
59.7	0.0	50.0	2335.0	140808	2337.8
60.2	0.0	50.0	2354.1	141962	2347.6
60.8	0.0	50.0	2351.8	141823	2338.6
61.3	0.0	50.0	2367.0	142737	2356.4
61.7	0.0	50.0	2349.0	141649	2351.9
62.3	0.0	50.0	2372.3	143058	2359.3
62.9	0.0	50.0	2378.9	143452	2352.8
63.3	0.0	50.0	2391.1	144192	2381.8
63.8	0.0	50.0	2409.0	145269	2393.6
64.4	0.0	50.0	2406.8	145135	2395.7
64.9	0.0	50.0	2414.2	145581	2419.3
65.4	0.0	50.0	2437.6	146994	2427.5
65.9	0.0	50.0	2449.3	147697	2439.6
66.4	0.0	50.0	2433.9	146772	2428.2
66.9	0.0	50.0	2452.9	147916	2437.5
67.4	0.0	50.0	2462.5	148499	2452.2
67.9	0.0	50.0	2479.1	149496	2458.3
68.5	0.0	50.0	2500.9	150809	2469.5
69.0	0.0	50.0	2483.1	149740	2466.3
69.5	0.0	50.0	2506.6	151158	2476.8
70.0	0.0	50.0	2510.3	151377	2467.6
70.5	0.0	50.0	2508.8	151286	2480.5
71.0	0.0	50.0	2516.5	151751	2485.6
71.5	0.0	50.0	2516.1	151731	2504.8
72.1	0.0	50.0	2538.2	153063	2522.8
72.6	0.0	50.0	2542.1	153296	2529.3
73.1	0.0	50.0	2535.4	152894	2520.6
73.6	0.0	50.0	2550.2	153782	2521.0
74.1	0.0	50.0	2550.8	153821	2530.5
74.6	0.0	50.0	2566.3	154758	2561.1
75.2	0.0	50.0	2584.7	155867	2564.9
75.7	0.0	50.0	2569.1	154922	2574.1
76.2	0.0	50.0	2587.1	156011	2580.5
76.7	0.0	50.0	2598.2	156676	2584.2
77.2	0.0	50.0	2598.5	156699	2593.3
77.7	0.0	50.0	2620.4	158015	2614.4
78.3	0.0	50.0	2621.3	158072	2606.7
78.8	0.0	50.0	2633.9	158835	2617.7
79.3	0.0	50.0	2634.5	158868	2633.9
79.8	0.0	50.0	2637.8	159064	2634.0
80.3	0.0	50.0	2669.4	160970	2655.1
80.9	0.0	50.0	2656.3	160182	2663.2
81.4	0.0	50.0	2680.6	161646	2664.5
81.9	0.0	50.0	2684.8	161902	2680.7
82.4	0.0	50.0	2681.5	161705	2676.8
82.9	0.0	50.0	2704.3	163075	2683.2
83.4	0.0	50.0	2708.8	163346	2682.0
83.9	0.0	50.0	2718.8	163950	2714.2
84.5	0.0	50.0	2731.3	164707	2710.9
84.9	0.0	50.0	2725.0	164328	2728.5
85.4	0.0	50.0	2745.7	165574	2736.7
85.9	0.0	50.0	2767.8	166906	2730.5
86.5	0.0	50.0	2754.6	166110	2750.1
87.0	0.0	50.0	2784.9	167937	2737.1
87.5	0.0	50.0	2793.6	168465	2764.1
88.0	0.0	50.0	2790.8	168292	2770.3
88.5	0.0	50.0	2808.5	169358	2772.9
89.0	0.0	50.0	2805.7	169191	2787.8
89.6	0.0	50.0	2828.1	170543	2803.1
90.1	0.0	50.0	2837.8	171125	2817.2
90.6	0.0	50.0	2816.5	169845	2814.2
91.1	0.0	50.0	2846.2	171634	2817.3
91.6	0.0	50.0	2860.5	172499	2834.4
92.1	0.0	50.0	2857.7	172329	2852.1
92.6	0.0	50.0	2875.4	173394	2851.7
93.2	0.0	50.0	2866.2	172838	2846.4
93.7	0.0	50.0	2861.6	172561	2850.4
94.2	0.0	50.0	2908.9	175414	2869.6
94.7	0.0	50.0	2900.6	174914	2897.0
95.2	0.0	50.0	2894.6	174553	2869.7
95.7	0.0	50.0	2900.7	174922	2893.8
96.3	0.0	50.0	2924.2	176337	2922.1
96.8	0.0	50.0	2931.2	176763	2917.5
97.3	0.0	50.0	2933.6	176904	2922.0
97.8	0.0	50.0	2948.9	177830	2939.6
98.3	0.0	50.0	2949.1	177842	2940.6
98.8	0.0	50.0	2954.9	178190	2947.0
99.3	0.0	50.0	2961.4	178583	2947.6
99.8	0.0	50.0	2973.0	179278	2970.9
100.3	0.0	50.0	2991.2	180379	2965.4
100.9	0.0	50.0	3015.5	181842	3005.6
101.3	0.0	50.0	3006.4	181294	2989.6
101.9	0.0	50.0	3014.5	181785	3009.6
102.4	0.0	50.0	3039.5	183289	3015.0
102.9	0.0	50.0	3028.5	182630	3007.9
103.4	0.0	50.0	3055.4	184250	3043.7
103.9	0.0	50.0	3065.9	184883	3052.4
104.5	0.0	50.0	3079.7	185713	3053.9
104.9	0.0	50.0	3089.0	186276	3073.4
105.5	0.0	50.0	3075.6	185470	3051.6
106.0	0.0	50.0	3125.1	188451	3087.7
106.5	0.0	50.0	3123.0	188326	3104.3
107.0	0.0	50.0	3143.5	189563	3099.1
107.5	0.0	50.0	3142.7	189513	3113.9
108.1	0.0	50.0	3119.1	188093	3103.8
108.5	0.0	50.0	3161.4	190644	3135.6
109.1	0.0	50.0	3166.3	190939	3135.8
109.6	0.0	50.0	3176.8	191573	3160.7
110.1	0.0	50.0	3190.6	192404	3189.1
110.6	0.0	50.0	3198.7	192892	3191.3
111.1	0.0	50.0	3194.2	192619	3171.1
111.7	0.0	50.0	3219.5	194144	3189.3
112.2	0.0	50.0	3208.2	193463	3199.0
112.7	0.0	50.0	3225.3	194492	3199.6
113.2	0.0	50.0	3236.2	195153	3216.6
113.7	0.0	50.0	3247.4	195825	3221.0
114.2	0.0	50.0	3272.8	197361	3250.4
114.8	0.0	50.0	3270.3	197207	3257.5
115.3	0.0	50.0	3284.7	198078	3274.0
115.8	0.0	50.0	3292.8	198564	3276.5
116.3	0.0	50.0	3290.0	198396	3270.8
116.9	0.0	50.0	3323.0	200385	3301.1
117.3	0.0	50.0	3327.2	200637	3318.5
117.9	0.0	50.0	3355.1	202324	3333.9
118.4	0.0	50.0	3345.2	201722	3335.3
118.9	0.0	50.0	3349.0	201954	3343.6
119.4	0.0	50.0	3372.8	203390	3368.2
119.9	0.0	50.0	3392.0	204548	3378.7
120.4	0.0	50.0	3396.6	204826	3353.2
120.9	0.0	50.0	3398.9	204964	3380.1
121.4	0.0	50.0	3418.6	206150	3397.0
121.9	0.0	50.0	3434.1	207086	3408.8
122.5	0.0	50.0	3443.1	207629	3422.1
123.0	0.0	50.0	3440.3	207460	3424.0
123.5	0.0	50.0	3474.9	209549	3431.7
124.1	0.0	50.0	3487.8	210323	3468.7
124.5	0.0	50.0	3479.8	209841	3445.8
125.0	0.0	50.0	3514.5	211933	3476.4
125.6	0.0	50.0	3502.2	211194	3453.7
126.1	0.0	50.0	3517.5	212113	3485.5
126.6	0.0	50.0	3536.5	213261	3510.5
127.1	0.0	50.0	3545.5	213805	3525.7
127.7	0.0	50.0	3559.8	214665	3539.0
128.1	0.0	50.0	3555.4	214400	3532.0
128.7	0.0	50.0	3576.4	215669	3529.2
129.2	0.0	50.0	3587.7	216351	3556.3
129.7	0.0	50.0	3590.5	216520	3560.4
130.2	0.0	50.0	3586.6	216285	3549.4
130.7	0.0	50.0	3599.2	217042	3562.4
131.2	0.0	50.0	3598.4	216994	3594.3
131.7	0.0	50.0	3624.2	218553	3598.3
132.3	0.0	50.0	3621.9	218414	3611.7
132.8	0.0	50.0	3646.1	219868	3626.5
133.3	0.0	50.0	3661.3	220784	3639.8
133.7	0.0	50.0	3647.4	219946	3644.3
134.3	0.0	50.0	3690.7	222562	3657.5
134.8	0.0	50.0	3677.4	221755	3678.4
135.3	0.0	50.0	3679.2	221866	3667.8
135.8	0.0	50.0	3704.4	223387	3671.4
136.3	0.0	50.0	3707.6	223581	3697.5
136.9	0.0	50.0	3736.2	225303	3723.7
137.3	0.0	50.0	3740.6	225570	3713.5
137.9	0.0	50.0	3751.9	226252	3723.3
138.4	0.0	50.0	3750.4	226161	3744.3
138.9	0.0	50.0	3743.9	225770	3732.9
139.4	0.0	50.0	3765.1	227047	3758.7
139.9	0.0	50.0	3792.3	228686	3746.2
140.5	0.0	50.0	3796.3	228927	3762.1
141.0	0.0	50.0	3807.1	229581	3764.0
141.5	0.0	50.0	3819.9	230349	3787.2
142.0	0.0	50.0	3814.4	230022	3769.7
142.5	0.0	50.0	3843.1	231753	3810.1
143.0	0.0	50.0	3828.3	230859	3803.3
143.5	0.0	50.0	3858.4	232676	3821.3
144.1	0.0	50.0	3874.7	233654	3809.7
144.6	0.0	50.0	3853.9	232400	3826.7
145.1	0.0	50.0	3877.7	233837	3842.2
145.6	0.0	50.0	3866.1	233139	3841.0
146.1	0.0	50.0	3897.4	235026	3857.8
146.6	0.0	50.0	3873.5	233585	3840.7
147.2	0.0	50.0	3855.1	232474	3827.4
147.7	0.0	50.0	3859.6	232744	3801.5
148.2	0.0	50.0	3855.2	232477	3833.2
148.7	0.0	50.0	3842.5	231717	3825.8
149.2	0.0	50.0	3820.4	230383	3786.5
149.7	0.0	50.0	3806.3	229534	3778.8
150.2	0.0	50.0	3785.8	228293	3757.4
150.7	0.0	50.0	3782.4	228088	3762.6
151.3	0.0	50.0	3728.6	224846	3684.7
151.7	0.0	50.0	3692.6	222676	3648.6
152.3	0.0	50.0	3618.8	218224	3596.8
152.8	0.0	50.0	3518.5	212176	3532.9
153.3	0.0	50.0	3446.3	207820	3424.7
153.8	0.0	50.0	3320.6	200241	3308.2
154.4	0.0	50.0	3196.9	192781	3159.4
154.9	0.0	50.0	3036.4	183102	3034.2
155.4	0.0	50.0	2884.3	173934	2865.8
155.9	0.0	50.0	2666.5	160798	2639.1
156.5	0.0	50.0	2437.0	146960	2429.2
156.9	0.0	50.0	2253.8	135911	2234.1
157.4	0.0	50.0	2028.0	122296	2016.2
158.0	0.0	50.0	1802.8	108714	1795.6
158.5	0.0	50.0	1598.7	96407	1590.5
159.0	0.0	50.0	1415.2	85341	1411.6
159.5	0.0	50.0	1216.9	73386	1211.9
160.0	0.0	50.0	1052.9	63494	1042.2
160.5	0.0	50.0	928.4	55986	919.4
161.0	0.0	50.0	815.6	49182	804.9
161.6	0.0	50.0	743.6	44843	736.2
162.1	0.0	50.0	674.5	40675	670.6
162.6	0.0	50.0	623.5	37598	615.4
163.1	0.0	50.0	583.1	35165	576.6
163.6	0.0	50.0	547.5	33019	545.8
164.1	0.0	50.0	522.3	31498	516.3
164.6	0.0	50.0	489.6	29522	485.6
165.2	0.0	50.0	468.0	28219	462.8
165.7	0.0	50.0	449.3	27093	443.1
166.2	0.0	50.0	434.1	26178	429.7
166.7	0.0	50.0	406.5	24512	405.4
167.2	0.0	50.0	398.5	24032	394.8
167.7	0.0	50.0	383.4	23122	381.3
168.2	0.0	50.0	370.8	22363	367.4
168.8	0.0	50.0	367.2	22145	364.9
169.3	0.0	50.0	348.4	21009	346.5
169.8	0.0	50.0	346.8	20915	342.4
170.3	0.0	50.0	333.3	20102	332.0
170.8	0.0	50.0	333.9	20134	330.8
171.3	0.0	50.0	325.4	19625	322.5
171.9	0.0	50.0	314.6	18972	312.9
172.4	0.0	50.0	305.9	18446	303.7
172.9	0.0	50.0	305.4	18415	303.3
173.3	0.0	50.0	295.7	17831	293.9
173.9	0.0	50.0	290.2	17499	289.0
174.4	0.0	50.0	284.9	17179	283.5
174.9	0.0	50.0	282.0	17004	279.7
175.4	0.0	50.0	289.3	17444	287.0
175.9	0.0	50.0	277.0	16701	274.7
176.5	0.0	50.0	272.1	16410	270.3
177.0	0.0	50.0	266.5	16072	265.9
177.4	0.0	50.0	263.6	15894	261.3
177.3	0.0	50.0	264.9	15977	262.6
177.5	0.0	50.0	261.9	15794	259.4


