Clinic:	Radiotherapie UMC Utrecht
Address:	Heidelberglaan 100, Utrecht
Telephone:	030-2507209
Email:	radiotherapy@azu.nl

Beam Description:

Radiation device	U10
Energy	6 MV Photon
Wedge:	 0 °
Gantry	0 °(0°up, CW)
Collimator	0 °
SSD, SAD [cm]:	100	100
Applicator:	No Applicator
Field size [cm x cm]:	40 x 40
Field position inline (min, max) [cm]:	-20	20
Field position crossline (min, max) [cm]:	-20	20
Medium:	Water

CurveType: 	Angle

Curve Description:

Measurement Time:	2012-10-09 12:58:42
Modification Time:	2012-10-09 12:58:42
Operator:	
Measurement comment:	
Setup comment:	
Renormalise factor:	-
Curve offset [cm]:	-

Detector
Quantity:	Relative Dose
Detector Type:	IC 15	Ion Chamber (Cylindrical)	Offset to P eff [cm]: -0.18	Radius:68cm
Can be used for CA24 calibration:	No

Electrometer
Electrometer type:	CU500E
Measurement mode:	Continuous
Reference division:	-
Reference (avg, min, max):	1073	1059	1084
Measurements per point:	-
Sampling time [ms]:	0
HV type:	-
Normalisation value, field and reference:	1021	986
Dark current, field and reference:	-4	5
High voltage, field and reference [V]:	300	300
Gain, field and reference:	18	18
Range, field and reference:	HIGH	HIGH

Servo
Servo type:	Blue 48 48 41
Scan Speed [mm/s]:	15
Water surface correction [cm]:	9.9
Water offset correction [cm]:	0
Origin [X, Y, Z] [cm]:	0.45	0.09	19.81
Servo axis [I, C, D]:	-Y	X	-Z
Isocentre [I, C, D] [cm]:	0	0	0
Normalisation [I, C, D] [cm]:	0	0	5

Position A [I, C, D] [cm]:	0.09	-0.45	19.67
Position B [I, C, D] [cm]:	0.09	-0.45	19.67
Position C [I, C, D] [cm]:	0.09	-0.45	19.67
Position D [I, C, D] [cm]:	0.09	-0.45	19.67
Number Of Points:	900
Start Point [I,C,D] [cm]:	-23.91	-23.91	1
End Point [I,C,D] [cm]:	23.51	23.51	1
Points [cm]:	Inline	Crossline	Depth	Relative Dose
	-23.93	-23.93	1	2.4
	-23.89	-23.89	1	2.4
	-23.81	-23.81	1	2.5
	-23.74	-23.74	1	2.5
	-23.68	-23.68	1	2.6
	-23.64	-23.64	1	2.6
	-23.58	-23.58	1	2.7
	-23.52	-23.52	1	2.8
	-23.48	-23.48	1	2.8
	-23.42	-23.42	1	2.9
	-23.38	-23.38	1	2.9
	-23.32	-23.32	1	2.9
	-23.27	-23.27	1	2.9
	-23.21	-23.21	1	3
	-23.15	-23.15	1	3
	-23.11	-23.11	1	3.1
	-23.05	-23.05	1	3.1
	-23.01	-23.01	1	3.2
	-22.95	-22.95	1	3.2
	-22.89	-22.89	1	3.3
	-22.84	-22.84	1	3.3
	-22.79	-22.79	1	3.3
	-22.75	-22.75	1	3.4
	-22.68	-22.68	1	3.5
	-22.63	-22.63	1	3.5
	-22.58	-22.58	1	3.6
	-22.53	-22.53	1	3.6
	-22.49	-22.49	1	3.7
	-22.42	-22.42	1	3.7
	-22.36	-22.36	1	3.8
	-22.32	-22.32	1	3.9
	-22.26	-22.26	1	3.9
	-22.21	-22.21	1	3.8
	-22.16	-22.16	1	4
	-22.11	-22.11	1	4
	-22.06	-22.06	1	4.1
	-22.00	-22.00	1	4.3
	-21.95	-21.95	1	4.3
	-21.90	-21.90	1	4.2
	-21.85	-21.85	1	4.4
	-21.79	-21.79	1	4.4
	-21.74	-21.74	1	4.5
	-21.68	-21.68	1	4.6
	-21.63	-21.63	1	4.6
	-21.58	-21.58	1	4.6
	-21.53	-21.53	1	4.7
	-21.47	-21.47	1	4.8
	-21.42	-21.42	1	4.8
	-21.36	-21.36	1	4.8
	-21.31	-21.31	1	4.8
	-21.26	-21.26	1	5
	-21.21	-21.21	1	5.1
	-21.16	-21.16	1	5.1
	-21.10	-21.10	1	5.1
	-21.05	-21.05	1	5.1
	-21.00	-21.00	1	5.3
	-20.95	-20.95	1	5.4
	-20.89	-20.89	1	5.5
	-20.83	-20.83	1	5.5
	-20.79	-20.79	1	5.5
	-20.74	-20.74	1	5.5
	-20.69	-20.69	1	5.7
	-20.63	-20.63	1	5.9
	-20.57	-20.57	1	5.9
	-20.52	-20.52	1	5.9
	-20.48	-20.48	1	6
	-20.43	-20.43	1	6.1
	-20.36	-20.36	1	6.2
	-20.32	-20.32	1	6.3
	-20.25	-20.25	1	6.4
	-20.21	-20.21	1	6.6
	-20.16	-20.16	1	6.6
	-20.10	-20.10	1	6.7
	-20.05	-20.05	1	6.8
	-19.99	-19.99	1	6.9
	-19.94	-19.94	1	7.1
	-19.89	-19.89	1	7.1
	-19.84	-19.84	1	7.2
	-19.79	-19.79	1	7.3
	-19.73	-19.73	1	7.4
	-19.67	-19.67	1	7.6
	-19.63	-19.63	1	7.7
	-19.57	-19.57	1	7.9
	-19.52	-19.52	1	7.9
	-19.46	-19.46	1	8.1
	-19.43	-19.43	1	8.3
	-19.36	-19.36	1	8.4
	-19.31	-19.31	1	8.6
	-19.26	-19.26	1	8.8
	-19.2	-19.2	1	9
	-19.16	-19.16	1	9.2
	-19.1	-19.1	1	9.5
	-19.04	-19.04	1	9.7
	-18.99	-18.99	1	10.1
	-18.94	-18.94	1	10.4
	-18.89	-18.89	1	10.8
	-18.83	-18.83	1	11.3
	-18.78	-18.78	1	11.9
	-18.73	-18.73	1	12.7
	-18.67	-18.67	1	13.9
	-18.63	-18.63	1	15.1
	-18.57	-18.57	1	16.8
	-18.52	-18.52	1	19.3
	-18.47	-18.47	1	22.1
	-18.41	-18.41	1	26.3
	-18.36	-18.36	1	30.7
	-18.30	-18.30	1	36.1
	-18.25	-18.25	1	41.3
	-18.21	-18.21	1	46.2
	-18.15	-18.15	1	52.5
	-18.10	-18.10	1	57.3
	-18.04	-18.04	1	62.9
	-17.98	-17.98	1	67.3
	-17.94	-17.94	1	71
	-17.88	-17.88	1	74.3
	-17.84	-17.84	1	76.5
	-17.77	-17.77	1	79.4
	-17.72	-17.72	1	81.4
	-17.67	-17.67	1	83
	-17.62	-17.62	1	84.1
	-17.57	-17.57	1	85.7
	-17.52	-17.52	1	87.7
	-17.46	-17.46	1	88.8
	-17.41	-17.41	1	90.1
	-17.35	-17.35	1	91.9
	-17.31	-17.31	1	93
	-17.25	-17.25	1	94.8
	-17.20	-17.20	1	96.4
	-17.14	-17.14	1	97.4
	-17.09	-17.09	1	99.5
	-17.05	-17.05	1	100.2
	-16.99	-16.99	1	101.2
	-16.93	-16.93	1	103.1
	-16.88	-16.88	1	104.2
	-16.83	-16.83	1	105.3
	-16.78	-16.78	1	106.2
	-16.72	-16.72	1	107.2
	-16.68	-16.68	1	108.5
	-16.62	-16.62	1	109.4
	-16.56	-16.56	1	110
	-16.51	-16.51	1	110.6
	-16.46	-16.46	1	111.2
	-16.39	-16.39	1	111.9
	-16.36	-16.36	1	112.3
	-16.30	-16.30	1	113
	-16.25	-16.25	1	113.4
	-16.19	-16.19	1	113.5
	-16.14	-16.14	1	114.1
	-16.09	-16.09	1	114.7
	-16.03	-16.03	1	114.5
	-15.98	-15.98	1	115
	-15.94	-15.94	1	115.5
	-15.88	-15.88	1	115.4
	-15.83	-15.83	1	115.8
	-15.77	-15.77	1	116.3
	-15.73	-15.73	1	116.4
	-15.67	-15.67	1	116.6
	-15.61	-15.61	1	116.2
	-15.57	-15.57	1	116.8
	-15.51	-15.51	1	116.7
	-15.46	-15.46	1	116.8
	-15.41	-15.41	1	116.9
	-15.35	-15.35	1	116.5
	-15.30	-15.30	1	116.4
	-15.24	-15.24	1	116.8
	-15.19	-15.19	1	116.8
	-15.14	-15.14	1	116.7
	-15.08	-15.08	1	116.6
	-15.04	-15.04	1	116.4
	-14.98	-14.98	1	116.6
	-14.93	-14.93	1	116.6
	-14.87	-14.87	1	116.6
	-14.82	-14.82	1	116.6
	-14.77	-14.77	1	116.2
	-14.71	-14.71	1	116.1
	-14.67	-14.67	1	116.4
	-14.61	-14.61	1	116.2
	-14.55	-14.55	1	116.4
	-14.51	-14.51	1	116.4
	-14.45	-14.45	1	116.4
	-14.41	-14.41	1	116.4
	-14.35	-14.35	1	116.6
	-14.29	-14.29	1	116.3
	-14.25	-14.25	1	116.5
	-14.19	-14.19	1	116.6
	-14.14	-14.14	1	116.7
	-14.09	-14.09	1	116.4
	-14.03	-14.03	1	116.4
	-13.97	-13.97	1	116.2
	-13.92	-13.92	1	116.4
	-13.88	-13.88	1	116
	-13.82	-13.82	1	116
	-13.77	-13.77	1	116.5
	-13.71	-13.71	1	116.4
	-13.66	-13.66	1	116.7
	-13.61	-13.61	1	116.4
	-13.55	-13.55	1	116.3
	-13.50	-13.50	1	116.3
	-13.46	-13.46	1	116.2
	-13.40	-13.40	1	116
	-13.35	-13.35	1	116.3
	-13.3	-13.3	1	116
	-13.24	-13.24	1	116.1
	-13.19	-13.19	1	116.4
	-13.14	-13.14	1	116
	-13.09	-13.09	1	116.2
	-13.03	-13.03	1	116
	-12.98	-12.98	1	115.9
	-12.92	-12.92	1	115.8
	-12.87	-12.87	1	116.1
	-12.82	-12.82	1	115.9
	-12.76	-12.76	1	115.8
	-12.71	-12.71	1	115.8
	-12.66	-12.66	1	115.8
	-12.60	-12.60	1	115.9
	-12.56	-12.56	1	115.8
	-12.5	-12.5	1	115.8
	-12.44	-12.44	1	115.5
	-12.40	-12.40	1	115.6
	-12.34	-12.34	1	115.7
	-12.29	-12.29	1	115.6
	-12.24	-12.24	1	115.6
	-12.18	-12.18	1	115.2
	-12.13	-12.13	1	115.8
	-12.08	-12.08	1	115.7
	-12.03	-12.03	1	115.2
	-11.98	-11.98	1	115.6
	-11.92	-11.92	1	115.4
	-11.86	-11.86	1	115.6
	-11.81	-11.81	1	115.7
	-11.77	-11.77	1	115.9
	-11.72	-11.72	1	116.3
	-11.65	-11.65	1	115.7
	-11.61	-11.61	1	115.4
	-11.55	-11.55	1	115.5
	-11.50	-11.50	1	115.8
	-11.45	-11.45	1	115.5
	-11.39	-11.39	1	115.5
	-11.34	-11.34	1	115.8
	-11.29	-11.29	1	115.8
	-11.24	-11.24	1	115.4
	-11.18	-11.18	1	115.4
	-11.12	-11.12	1	115.8
	-11.08	-11.08	1	116
	-11.02	-11.02	1	115.7
	-10.98	-10.98	1	115.7
	-10.92	-10.92	1	115.5
	-10.87	-10.87	1	115.7
	-10.82	-10.82	1	115.6
	-10.76	-10.76	1	116
	-10.71	-10.71	1	115.8
	-10.65	-10.65	1	115.7
	-10.61	-10.61	1	115.5
	-10.55	-10.55	1	115.3
	-10.5	-10.5	1	115.9
	-10.44	-10.44	1	115.6
	-10.39	-10.39	1	115.6
	-10.34	-10.34	1	115.4
	-10.29	-10.29	1	115.4
	-10.23	-10.23	1	115.5
	-10.18	-10.18	1	115.2
	-10.13	-10.13	1	115.2
	-10.08	-10.08	1	115.2
	-10.02	-10.02	1	115.2
	-9.97	-9.97	1	115.3
	-9.92	-9.92	1	115
	-9.86	-9.86	1	115
	-9.81	-9.81	1	114.9
	-9.76	-9.76	1	114.5
	-9.70	-9.70	1	114.9
	-9.66	-9.66	1	114.8
	-9.6	-9.6	1	114.6
	-9.55	-9.55	1	114.6
	-9.49	-9.49	1	114.6
	-9.44	-9.44	1	114.5
	-9.39	-9.39	1	114.6
	-9.34	-9.34	1	114.5
	-9.29	-9.29	1	114.2
	-9.23	-9.23	1	114.3
	-9.18	-9.18	1	113.9
	-9.13	-9.13	1	114.2
	-9.07	-9.07	1	114.3
	-9.02	-9.02	1	114.2
	-8.97	-8.97	1	114.2
	-8.91	-8.91	1	114.3
	-8.86	-8.86	1	114.2
	-8.81	-8.81	1	114.3
	-8.75	-8.75	1	114.1
	-8.70	-8.70	1	114.2
	-8.65	-8.65	1	114.1
	-8.60	-8.60	1	114.1
	-8.54	-8.54	1	114.1
	-8.49	-8.49	1	113.9
	-8.44	-8.44	1	114
	-8.38	-8.38	1	113.7
	-8.34	-8.34	1	113.7
	-8.28	-8.28	1	113.7
	-8.22	-8.22	1	114
	-8.18	-8.18	1	114.1
	-8.12	-8.12	1	113.8
	-8.08	-8.08	1	113.6
	-8.02	-8.02	1	113.7
	-7.97	-7.97	1	113.7
	-7.92	-7.92	1	113.7
	-7.86	-7.86	1	113.3
	-7.81	-7.81	1	113.5
	-7.75	-7.75	1	113.3
	-7.69	-7.69	1	113.5
	-7.65	-7.65	1	113.6
	-7.59	-7.59	1	113.5
	-7.55	-7.55	1	113.6
	-7.49	-7.49	1	113.4
	-7.44	-7.44	1	113.4
	-7.39	-7.39	1	113.8
	-7.32	-7.32	1	113.3
	-7.28	-7.28	1	113.5
	-7.23	-7.23	1	113.6
	-7.17	-7.17	1	113.5
	-7.12	-7.12	1	113.4
	-7.07	-7.07	1	113.5
	-7.01	-7.01	1	113.5
	-6.97	-6.97	1	113.2
	-6.90	-6.90	1	113.5
	-6.86	-6.86	1	113.2
	-6.80	-6.80	1	113.5
	-6.75	-6.75	1	113.6
	-6.7	-6.7	1	113.6
	-6.64	-6.64	1	113.8
	-6.6	-6.6	1	113.5
	-6.54	-6.54	1	113.6
	-6.48	-6.48	1	113.5
	-6.44	-6.44	1	113.6
	-6.38	-6.38	1	113.4
	-6.33	-6.33	1	113.8
	-6.28	-6.28	1	113.8
	-6.22	-6.22	1	113.7
	-6.17	-6.17	1	114
	-6.12	-6.12	1	114
	-6.07	-6.07	1	113.9
	-6.01	-6.01	1	113.6
	-5.95	-5.95	1	113.5
	-5.91	-5.91	1	113.9
	-5.85	-5.85	1	113.7
	-5.81	-5.81	1	113.8
	-5.75	-5.75	1	113.7
	-5.70	-5.70	1	113.6
	-5.65	-5.65	1	113.5
	-5.59	-5.59	1	113.8
	-5.54	-5.54	1	113.7
	-5.49	-5.49	1	113.6
	-5.43	-5.43	1	113.7
	-5.38	-5.38	1	113.6
	-5.32	-5.32	1	113.4
	-5.27	-5.27	1	113.7
	-5.22	-5.22	1	113.9
	-5.16	-5.16	1	113.7
	-5.12	-5.12	1	113.7
	-5.07	-5.07	1	113.9
	-5.01	-5.01	1	113.6
	-4.96	-4.96	1	113.7
	-4.91	-4.91	1	113.4
	-4.86	-4.86	1	113.8
	-4.80	-4.80	1	113.9
	-4.74	-4.74	1	114.1
	-4.69	-4.69	1	114.1
	-4.64	-4.64	1	114
	-4.59	-4.59	1	114.2
	-4.54	-4.54	1	114.2
	-4.48	-4.48	1	114.2
	-4.43	-4.43	1	114
	-4.37	-4.37	1	114.3
	-4.33	-4.33	1	114.3
	-4.27	-4.27	1	114.2
	-4.22	-4.22	1	114.4
	-4.16	-4.16	1	114.2
	-4.11	-4.11	1	114.2
	-4.07	-4.07	1	114.2
	-4.01	-4.01	1	114.2
	-3.95	-3.95	1	114.3
	-3.90	-3.90	1	114.2
	-3.85	-3.85	1	114.2
	-3.80	-3.80	1	114.1
	-3.75	-3.75	1	114.2
	-3.69	-3.69	1	114.4
	-3.64	-3.64	1	114.2
	-3.59	-3.59	1	114.2
	-3.54	-3.54	1	114.3
	-3.48	-3.48	1	114.5
	-3.42	-3.42	1	114.4
	-3.38	-3.38	1	114.2
	-3.32	-3.32	1	114.1
	-3.27	-3.27	1	114.1
	-3.22	-3.22	1	114.2
	-3.16	-3.16	1	114
	-3.11	-3.11	1	114.1
	-3.06	-3.06	1	114.1
	-3.01	-3.01	1	114.1
	-2.95	-2.95	1	114.1
	-2.9	-2.9	1	114
	-2.85	-2.85	1	114.2
	-2.79	-2.79	1	114.2
	-2.75	-2.75	1	114.2
	-2.69	-2.69	1	114.1
	-2.63	-2.63	1	114.2
	-2.58	-2.58	1	114.2
	-2.53	-2.53	1	114.1
	-2.47	-2.47	1	113.8
	-2.42	-2.42	1	114
	-2.37	-2.37	1	114
	-2.32	-2.32	1	113.9
	-2.26	-2.26	1	114
	-2.21	-2.21	1	114.2
	-2.16	-2.16	1	113.9
	-2.11	-2.11	1	114
	-2.05	-2.05	1	113.9
	-2.00	-2.00	1	114
	-1.95	-1.95	1	113.7
	-1.90	-1.90	1	113.8
	-1.84	-1.84	1	114.1
	-1.80	-1.80	1	113.8
	-1.74	-1.74	1	113.8
	-1.68	-1.68	1	113.7
	-1.63	-1.63	1	113.7
	-1.58	-1.58	1	113.6
	-1.53	-1.53	1	113.3
	-1.47	-1.47	1	113.4
	-1.42	-1.42	1	113.8
	-1.37	-1.37	1	113.7
	-1.31	-1.31	1	113.8
	-1.27	-1.27	1	113.6
	-1.21	-1.21	1	114
	-1.16	-1.16	1	114
	-1.11	-1.11	1	113.8
	-1.05	-1.05	1	113.8
	-1.01	-1.01	1	114
	-0.95	-0.95	1	113.9
	-0.89	-0.89	1	113.7
	-0.84	-0.84	1	113.9
	-0.79	-0.79	1	113.5
	-0.74	-0.74	1	113.7
	-0.69	-0.69	1	113.9
	-0.63	-0.63	1	113.4
	-0.59	-0.59	1	113.3
	-0.53	-0.53	1	113.4
	-0.47	-0.47	1	113.3
	-0.42	-0.42	1	113.5
	-0.37	-0.37	1	113.1
	-0.32	-0.32	1	113.3
	-0.26	-0.26	1	113.2
	-0.21	-0.21	1	113.5
	-0.16	-0.16	1	113.6
	-0.11	-0.11	1	113.2
	-0.05	-0.05	1	113.4
	-0.00	-0.00	1	113.4
	0.06	0.06	1	113.2
	0.10	0.10	1	113.4
	0.16	0.16	1	113.1
	0.21	0.21	1	113.3
	0.26	0.26	1	113.5
	0.32	0.32	1	113.2
	0.36	0.36	1	113.3
	0.42	0.42	1	113.5
	0.47	0.47	1	113
	0.52	0.52	1	113.4
	0.58	0.58	1	113.5
	0.63	0.63	1	113.4
	0.68	0.68	1	113.4
	0.74	0.74	1	113.6
	0.79	0.79	1	113.3
	0.85	0.85	1	113.6
	0.89	0.89	1	113.5
	0.95	0.95	1	113.5
	1.00	1.00	1	113.3
	1.05	1.05	1	113.3
	1.11	1.11	1	113.3
	1.16	1.16	1	113.5
	1.21	1.21	1	113.5
	1.26	1.26	1	113.7
	1.32	1.32	1	114
	1.37	1.37	1	113.3
	1.42	1.42	1	113.7
	1.48	1.48	1	113.4
	1.54	1.54	1	113.2
	1.58	1.58	1	113.1
	1.64	1.64	1	113.4
	1.68	1.68	1	113.5
	1.74	1.74	1	113.4
	1.80	1.80	1	113.3
	1.85	1.85	1	113.6
	1.90	1.90	1	113.7
	1.94	1.94	1	113.4
	2.01	2.01	1	113.9
	2.06	2.06	1	113.9
	2.11	2.11	1	113.9
	2.16	2.16	1	113.8
	2.21	2.21	1	113.6
	2.27	2.27	1	113.5
	2.32	2.32	1	113.6
	2.37	2.37	1	113.8
	2.43	2.43	1	113.7
	2.47	2.47	1	113.6
	2.53	2.53	1	113.5
	2.59	2.59	1	113.6
	2.63	2.63	1	113.9
	2.69	2.69	1	113.7
	2.73	2.73	1	113.6
	2.79	2.79	1	113.7
	2.85	2.85	1	113.9
	2.90	2.90	1	113.9
	2.95	2.95	1	113.6
	3.01	3.01	1	113.8
	3.06	3.06	1	113.4
	3.11	3.11	1	113.7
	3.16	3.16	1	113.6
	3.22	3.22	1	113.8
	3.27	3.27	1	113.9
	3.32	3.32	1	113.9
	3.38	3.38	1	113.5
	3.42	3.42	1	113.6
	3.48	3.48	1	113.9
	3.54	3.54	1	113.6
	3.59	3.59	1	113.7
	3.64	3.64	1	113.8
	3.69	3.69	1	113.5
	3.74	3.74	1	114.1
	3.80	3.80	1	113.6
	3.85	3.85	1	113.9
	3.90	3.90	1	113.9
	3.95	3.95	1	113.6
	4.01	4.01	1	113.6
	4.07	4.07	1	113.7
	4.12	4.12	1	113.9
	4.17	4.17	1	114.1
	4.21	4.21	1	113.9
	4.27	4.27	1	113.8
	4.33	4.33	1	113.9
	4.37	4.37	1	113.7
	4.43	4.43	1	113.7
	4.48	4.48	1	113.7
	4.54	4.54	1	113.9
	4.59	4.59	1	113.6
	4.64	4.64	1	113.5
	4.70	4.70	1	114.1
	4.75	4.75	1	113.7
	4.80	4.80	1	113.4
	4.85	4.85	1	113.4
	4.90	4.90	1	113.8
	4.96	4.96	1	113.2
	5.02	5.02	1	113.7
	5.06	5.06	1	113.5
	5.12	5.12	1	113.6
	5.17	5.17	1	113
	5.22	5.22	1	113.3
	5.28	5.28	1	113.5
	5.32	5.32	1	113.3
	5.38	5.38	1	113.7
	5.43	5.43	1	113.5
	5.49	5.49	1	113.6
	5.54	5.54	1	113.4
	5.59	5.59	1	113.1
	5.64	5.64	1	113.4
	5.69	5.69	1	113
	5.75	5.75	1	113.4
	5.81	5.81	1	113.5
	5.85	5.85	1	113.3
	5.91	5.91	1	113.2
	5.96	5.96	1	113.3
	6.02	6.02	1	113.3
	6.07	6.07	1	113.3
	6.12	6.12	1	113.2
	6.17	6.17	1	113.3
	6.23	6.23	1	113.4
	6.27	6.27	1	113.4
	6.34	6.34	1	113.6
	6.38	6.38	1	113.3
	6.44	6.44	1	113
	6.49	6.49	1	113.7
	6.53	6.53	1	113.2
	6.59	6.59	1	113.5
	6.64	6.64	1	113.3
	6.70	6.70	1	113.4
	6.76	6.76	1	113.1
	6.80	6.80	1	112.9
	6.86	6.86	1	113.3
	6.91	6.91	1	113.3
	6.96	6.96	1	113.1
	7.02	7.02	1	113.1
	7.07	7.07	1	113.1
	7.12	7.12	1	113.1
	7.17	7.17	1	113
	7.22	7.22	1	113.2
	7.29	7.29	1	112.9
	7.33	7.33	1	113.1
	7.38	7.38	1	113.2
	7.43	7.43	1	113.1
	7.49	7.49	1	113.2
	7.55	7.55	1	113.1
	7.60	7.60	1	113.4
	7.65	7.65	1	113.1
	7.71	7.71	1	113.2
	7.75	7.75	1	113.3
	7.81	7.81	1	113.1
	7.86	7.86	1	113.4
	7.91	7.91	1	113.6
	7.97	7.97	1	113.6
	8.02	8.02	1	113.6
	8.07	8.07	1	113.6
	8.12	8.12	1	113.4
	8.18	8.18	1	113.4
	8.23	8.23	1	113.3
	8.28	8.28	1	113.5
	8.34	8.34	1	113.5
	8.39	8.39	1	113.8
	8.44	8.44	1	113.9
	8.50	8.50	1	113.7
	8.54	8.54	1	114
	8.60	8.60	1	113.8
	8.65	8.65	1	113.5
	8.70	8.70	1	113.9
	8.76	8.76	1	114
	8.81	8.81	1	113.7
	8.86	8.86	1	114.3
	8.91	8.91	1	114.5
	8.97	8.97	1	114
	9.02	9.02	1	114.2
	9.07	9.07	1	114
	9.13	9.13	1	114
	9.19	9.19	1	114.2
	9.23	9.23	1	113.9
	9.29	9.29	1	113.9
	9.34	9.34	1	114.5
	9.39	9.39	1	114.6
	9.45	9.45	1	114.4
	9.49	9.49	1	114.4
	9.55	9.55	1	114.6
	9.60	9.60	1	114.4
	9.66	9.66	1	114.6
	9.71	9.71	1	114.8
	9.76	9.76	1	114.7
	9.82	9.82	1	114.9
	9.86	9.86	1	114.6
	9.92	9.92	1	115
	9.98	9.98	1	115.3
	10.03	10.03	1	115
	10.08	10.08	1	114.8
	10.13	10.13	1	114.9
	10.18	10.18	1	115.1
	10.24	10.24	1	115.2
	10.28	10.28	1	115.4
	10.35	10.35	1	115.5
	10.39	10.39	1	115.2
	10.45	10.45	1	115.1
	10.50	10.50	1	115.5
	10.55	10.55	1	115.1
	10.61	10.61	1	115.6
	10.66	10.66	1	115.5
	10.71	10.71	1	115.6
	10.77	10.77	1	115.1
	10.82	10.82	1	115.8
	10.87	10.87	1	115.2
	10.92	10.92	1	115.7
	10.98	10.98	1	115.9
	11.03	11.03	1	115.2
	11.07	11.07	1	115.5
	11.14	11.14	1	115.3
	11.18	11.18	1	115.8
	11.24	11.24	1	115.6
	11.30	11.30	1	115.7
	11.34	11.34	1	115.7
	11.39	11.39	1	115.4
	11.45	11.45	1	115.4
	11.51	11.51	1	115.7
	11.55	11.55	1	115.4
	11.61	11.61	1	115.2
	11.66	11.66	1	115.7
	11.71	11.71	1	115.3
	11.77	11.77	1	115.6
	11.82	11.82	1	115.6
	11.87	11.87	1	115.7
	11.93	11.93	1	115.5
	11.98	11.98	1	115.6
	12.03	12.03	1	115.3
	12.08	12.08	1	115.7
	12.14	12.14	1	115.7
	12.19	12.19	1	115.3
	12.23	12.23	1	115.9
	12.30	12.30	1	116
	12.34	12.34	1	115.7
	12.4	12.4	1	115.8
	12.45	12.45	1	115.7
	12.50	12.50	1	115.4
	12.56	12.56	1	115.5
	12.61	12.61	1	116
	12.66	12.66	1	115.6
	12.72	12.72	1	115.5
	12.77	12.77	1	115.6
	12.82	12.82	1	115.8
	12.87	12.87	1	115.7
	12.93	12.93	1	115.8
	12.98	12.98	1	115.3
	13.03	13.03	1	115.7
	13.09	13.09	1	115.5
	13.14	13.14	1	116.2
	13.19	13.19	1	115.7
	13.25	13.25	1	116
	13.30	13.30	1	115.9
	13.35	13.35	1	116.2
	13.40	13.40	1	115.9
	13.46	13.46	1	116.2
	13.51	13.51	1	115.8
	13.56	13.56	1	115.7
	13.61	13.61	1	116
	13.66	13.66	1	115.9
	13.72	13.72	1	116.1
	13.78	13.78	1	116.3
	13.82	13.82	1	115.9
	13.87	13.87	1	116.3
	13.92	13.92	1	116.3
	13.98	13.98	1	115.8
	14.04	14.04	1	116.1
	14.09	14.09	1	115.7
	14.14	14.14	1	115.7
	14.19	14.19	1	115.7
	14.25	14.25	1	115.8
	14.30	14.30	1	115.7
	14.35	14.35	1	115.8
	14.41	14.41	1	115.8
	14.45	14.45	1	115.4
	14.51	14.51	1	115.7
	14.57	14.57	1	115.4
	14.61	14.61	1	115.6
	14.67	14.67	1	115.5
	14.72	14.72	1	115
	14.77	14.77	1	115.6
	14.83	14.83	1	115.1
	14.87	14.87	1	115.6
	14.94	14.94	1	115.5
	14.98	14.98	1	115.3
	15.04	15.04	1	115.4
	15.10	15.10	1	115.7
	15.14	15.14	1	116.3
	15.20	15.20	1	115.7
	15.25	15.25	1	116.1
	15.30	15.30	1	115.6
	15.36	15.36	1	116
	15.40	15.40	1	115.8
	15.46	15.46	1	116.1
	15.51	15.51	1	115.4
	15.56	15.56	1	116
	15.62	15.62	1	115.6
	15.67	15.67	1	115.4
	15.73	15.73	1	115.7
	15.78	15.78	1	115.4
	15.83	15.83	1	115
	15.89	15.89	1	114.7
	15.93	15.93	1	114.2
	15.99	15.99	1	114.2
	16.04	16.04	1	113.7
	16.10	16.10	1	113.7
	16.15	16.15	1	112.9
	16.20	16.20	1	112.9
	16.25	16.25	1	112.5
	16.30	16.30	1	112
	16.36	16.36	1	111.4
	16.40	16.40	1	110.7
	16.46	16.46	1	110.1
	16.52	16.52	1	109.3
	16.56	16.56	1	108.9
	16.62	16.62	1	107.8
	16.67	16.67	1	107.3
	16.72	16.72	1	106
	16.78	16.78	1	105.1
	16.83	16.83	1	104
	16.88	16.88	1	102.2
	16.94	16.94	1	101.2
	16.99	16.99	1	100.2
	17.04	17.04	1	98.8
	17.09	17.09	1	97.9
	17.16	17.16	1	96.7
	17.20	17.20	1	95.2
	17.26	17.26	1	92.9
	17.31	17.31	1	91.4
	17.36	17.36	1	90.2
	17.41	17.41	1	88.4
	17.46	17.46	1	87.1
	17.52	17.52	1	85.8
	17.58	17.58	1	84.2
	17.62	17.62	1	82.9
	17.68	17.68	1	81
	17.73	17.73	1	79.7
	17.78	17.78	1	77.3
	17.84	17.84	1	75
	17.89	17.89	1	72.3
	17.94	17.94	1	68.3
	17.99	17.99	1	64.5
	18.05	18.05	1	60
	18.10	18.10	1	54.4
	18.15	18.15	1	50
	18.21	18.21	1	43.5
	18.25	18.25	1	39
	18.31	18.31	1	34
	18.37	18.37	1	29.3
	18.41	18.41	1	26
	18.47	18.47	1	22.1
	18.52	18.52	1	19.8
	18.57	18.57	1	17.1
	18.62	18.62	1	15.7
	18.68	18.68	1	14
	18.73	18.73	1	13
	18.78	18.78	1	12.2
	18.84	18.84	1	11.5
	18.89	18.89	1	10.9
	18.94	18.94	1	10.6
	19.00	19.00	1	10.2
	19.05	19.05	1	9.8
	19.10	19.10	1	9.5
	19.15	19.15	1	9.5
	19.21	19.21	1	9.2
	19.25	19.25	1	9
	19.31	19.31	1	8.9
	19.37	19.37	1	8.7
	19.41	19.41	1	8.5
	19.47	19.47	1	8.4
	19.53	19.53	1	8.2
	19.57	19.57	1	8.1
	19.63	19.63	1	8
	19.68	19.68	1	8
	19.74	19.74	1	7.8
	19.79	19.79	1	7.7
	19.83	19.83	1	7.6
	19.90	19.90	1	7.4
	19.94	19.94	1	7.3
	20.00	20.00	1	7.3
	20.06	20.06	1	7.1
	20.10	20.10	1	7
	20.16	20.16	1	6.9
	20.21	20.21	1	6.8
	20.26	20.26	1	6.7
	20.31	20.31	1	6.7
	20.37	20.37	1	6.5
	20.42	20.42	1	6.5
	20.46	20.46	1	6.4
	20.52	20.52	1	6.2
	20.59	20.59	1	6.2
	20.63	20.63	1	6
	20.69	20.69	1	5.9
	20.73	20.73	1	5.9
	20.79	20.79	1	5.9
	20.84	20.84	1	5.7
	20.90	20.90	1	5.7
	20.95	20.95	1	5.6
	20.99	20.99	1	5.6
	21.05	21.05	1	5.5
	21.11	21.11	1	5.3
	21.16	21.16	1	5.3
	21.21	21.21	1	5.2
	21.26	21.26	1	5.1
	21.32	21.32	1	5.1
	21.38	21.38	1	5
	21.42	21.42	1	5
	21.48	21.48	1	4.8
	21.52	21.52	1	4.8
	21.57	21.57	1	4.8
	21.64	21.64	1	4.7
	21.69	21.69	1	4.7
	21.74	21.74	1	4.7
	21.79	21.79	1	4.6
	21.84	21.84	1	4.6
	21.90	21.90	1	4.5
	21.95	21.95	1	4.5
	22.01	22.01	1	4.3
	22.05	22.05	1	4.3
	22.11	22.11	1	4.3
	22.17	22.17	1	4.1
	22.21	22.21	1	4.1
	22.27	22.27	1	4.1
	22.31	22.31	1	4
	22.37	22.37	1	4
	22.43	22.43	1	3.9
	22.48	22.48	1	3.8
	22.54	22.54	1	3.9
	22.58	22.58	1	3.7
	22.64	22.64	1	3.7
	22.70	22.70	1	3.6
	22.73	22.73	1	3.6
	22.80	22.80	1	3.5
	22.84	22.84	1	3.4
	22.90	22.90	1	3.3
	22.96	22.96	1	3.4
	23.01	23.01	1	3.3
	23.06	23.06	1	3.3
	23.11	23.11	1	3.3
	23.17	23.17	1	3.1
	23.22	23.22	1	3.1
	23.27	23.27	1	3.1
	23.32	23.32	1	3
	23.37	23.37	1	3
	23.43	23.43	1	2.9
	23.47	23.47	1	3
	23.48	23.48	1	2.9
Scan Angle:	45
