Clinic:	Radiotherapie UMC Utrecht
Address:	Heidelberglaan 100, Utrecht
Telephone:	030-2507209
Email:	radiotherapy@azu.nl

Beam Description:

Radiation device	U04
Energy	6 MV Photon
Wedge:	Hard 60 °
Gantry	0 °(0°up, CW)
Collimator	0 °
SSD, SAD [cm]:	100	100
Applicator:	No Applicator
Field size [cm x cm]:	30 x 30
Field position inline (min, max) [cm]:	-15	15
Field position crossline (min, max) [cm]:	-15	15
Medium:	Water

CurveType: 	Crossline Profile

Curve Description:

Measurement Time:	2007-01-24 13:44:39
Modification Time:	2007-01-24 13:44:39
Operator:	
Measurement comment:	
Setup comment:	
Renormalise factor:	-
Curve offset [cm]:	-

Detector
Quantity:	Relative Dose
Detector Type:	IC 15	Ion Chamber (Cylindrical)	Offset to P eff [cm]: -0.18	Radius:68cm
Can be used for CA24 calibration:	No

Electrometer
Electrometer type:	CU500E
Measurement mode:	Continuous
Reference division:	-
Reference (avg, min, max):	275	0	283
Measurements per point:	-
Sampling time [ms]:	0
HV type:	-
Normalisation value, field and reference:	1046	1008
Dark current, field and reference:	2	-1
High voltage, field and reference [V]:	300	300
Gain, field and reference:	18	18
Range, field and reference:	HIGH	HIGH

Servo
Servo type:	Blue 48 48 41
Scan Speed [mm/s]:	15
Water surface correction [cm]:	9.4
Water offset correction [cm]:	0
Origin [X, Y, Z] [cm]:	0.13	0.55	6.35
Servo axis [I, C, D]:	-Y	X	-Z
Isocentre [I, C, D] [cm]:	0	0	0
Normalisation [I, C, D] [cm]:	0	0	1.99

Position A [I, C, D] [cm]:	0.55	-0.13	6.2
Position B [I, C, D] [cm]:	0.55	-0.13	6.2
Position C [I, C, D] [cm]:	0.55	-0.13	6.2
Position D [I, C, D] [cm]:	0.55	-0.13	6.2
Number Of Points:	477
Start Point [I,C,D] [cm]:	0	-17.85	5
End Point [I,C,D] [cm]:	0	17.85	5
Points [cm]:	Inline	Crossline	Depth	Relative Dose
	0	-17.64	5	12.2
	0	-17.58	5	12.4
	0	-17.5	5	13
	0	-17.42	5	13
	0	-17.34	5	13.2
	0	-17.28	5	13.4
	0	-17.21	5	13.9
	0	-17.12	5	14.2
	0	-17.05	5	14.8
	0	-16.97	5	15.2
	0	-16.89	5	15.7
	0	-16.83	5	16.1
	0	-16.76	5	16.8
	0	-16.67	5	17.3
	0	-16.6	5	18.1
	0	-16.52	5	19.2
	0	-16.45	5	20.6
	0	-16.37	5	22.7
	0	-16.3	5	24.8
	0	-16.22	5	28.4
	0	-16.15	5	33.7
	0	-16.08	5	40.3
	0	-16.01	5	50.5
	0	-15.93	5	63.6
	0	-15.85	5	75.2
	0	-15.79	5	89.2
	0	-15.7	5	104.5
	0	-15.63	5	119.2
	0	-15.56	5	128.7
	0	-15.48	5	140.7
	0	-15.4	5	148.7
	0	-15.34	5	153.1
	0	-15.26	5	156.3
	0	-15.17	5	158.1
	0	-15.11	5	159.1
	0	-15.03	5	160.1
	0	-14.95	5	159.6
	0	-14.88	5	160
	0	-14.8	5	160
	0	-14.73	5	159.3
	0	-14.66	5	158.4
	0	-14.58	5	157.6
	0	-14.5	5	157.8
	0	-14.44	5	156.8
	0	-14.36	5	157
	0	-14.28	5	156.3
	0	-14.21	5	155.9
	0	-14.14	5	154.9
	0	-14.06	5	154.3
	0	-13.99	5	152.8
	0	-13.91	5	152.8
	0	-13.85	5	151.6
	0	-13.76	5	151.1
	0	-13.69	5	149.7
	0	-13.61	5	150
	0	-13.54	5	149.5
	0	-13.46	5	148.1
	0	-13.38	5	147.5
	0	-13.32	5	147
	0	-13.24	5	145.8
	0	-13.17	5	145.7
	0	-13.09	5	144.8
	0	-13.02	5	143.9
	0	-12.95	5	143.4
	0	-12.87	5	142
	0	-12.79	5	142
	0	-12.73	5	141.1
	0	-12.65	5	140
	0	-12.57	5	139.2
	0	-12.5	5	139.1
	0	-12.42	5	138.1
	0	-12.34	5	137.2
	0	-12.27	5	136.4
	0	-12.2	5	136.1
	0	-12.11	5	135.7
	0	-12.05	5	134.8
	0	-11.97	5	133.9
	0	-11.89	5	134.2
	0	-11.82	5	133.8
	0	-11.75	5	132.8
	0	-11.67	5	131.5
	0	-11.6	5	131.4
	0	-11.53	5	130.4
	0	-11.44	5	130
	0	-11.38	5	129.1
	0	-11.3	5	129.1
	0	-11.22	5	127.7
	0	-11.16	5	127.1
	0	-11.07	5	126.4
	0	-10.99	5	126.1
	0	-10.93	5	126
	0	-10.85	5	125.8
	0	-10.78	5	124.8
	0	-10.7	5	124.1
	0	-10.63	5	122.5
	0	-10.56	5	122.2
	0	-10.48	5	122
	0	-10.41	5	121.7
	0	-10.32	5	121.1
	0	-10.25	5	120.4
	0	-10.19	5	119.7
	0	-10.12	5	119.5
	0	-10.02	5	118.7
	0	-9.96	5	118.4
	0	-9.88	5	118
	0	-9.8	5	117.3
	0	-9.74	5	117.2
	0	-9.66	5	116.6
	0	-9.58	5	115.1
	0	-9.5	5	114.8
	0	-9.44	5	114.5
	0	-9.36	5	114.1
	0	-9.28	5	113.7
	0	-9.21	5	112.8
	0	-9.14	5	112.4
	0	-9.06	5	111.8
	0	-8.99	5	110.8
	0	-8.91	5	110.9
	0	-8.83	5	109.8
	0	-8.77	5	109.5
	0	-8.69	5	109
	0	-8.61	5	108.6
	0	-8.54	5	107.5
	0	-8.47	5	107.6
	0	-8.38	5	107
	0	-8.3	5	106.7
	0	-8.25	5	106.1
	0	-8.17	5	105.3
	0	-8.08	5	104.8
	0	-8.02	5	104.7
	0	-7.94	5	103.9
	0	-7.86	5	103.6
	0	-7.8	5	103
	0	-7.72	5	102.2
	0	-7.65	5	101.6
	0	-7.56	5	101.4
	0	-7.5	5	100.6
	0	-7.42	5	100.1
	0	-7.33	5	100.1
	0	-7.27	5	100
	0	-7.19	5	98.9
	0	-7.11	5	98.1
	0	-7.05	5	98.3
	0	-6.97	5	97.8
	0	-6.89	5	97.2
	0	-6.82	5	97.1
	0	-6.75	5	96.6
	0	-6.67	5	96
	0	-6.6	5	95.6
	0	-6.52	5	94.6
	0	-6.45	5	94.4
	0	-6.36	5	94.3
	0	-6.3	5	94
	0	-6.22	5	93.3
	0	-6.13	5	92.5
	0	-6.08	5	92.8
	0	-5.99	5	92.3
	0	-5.92	5	91.6
	0	-5.85	5	91.2
	0	-5.77	5	90.8
	0	-5.7	5	90.3
	0	-5.63	5	90.1
	0	-5.55	5	89.5
	0	-5.48	5	89.2
	0	-5.4	5	88.8
	0	-5.33	5	88.4
	0	-5.24	5	87.1
	0	-5.18	5	87.3
	0	-5.11	5	86.9
	0	-5.02	5	86.5
	0	-4.94	5	86.1
	0	-4.88	5	85.3
	0	-4.8	5	85.2
	0	-4.73	5	85.3
	0	-4.66	5	84.4
	0	-4.58	5	83.7
	0	-4.5	5	83.1
	0	-4.44	5	82.8
	0	-4.36	5	82.3
	0	-4.28	5	81.7
	0	-4.21	5	81.7
	0	-4.13	5	81.2
	0	-4.06	5	81.2
	0	-4	5	80.6
	0	-3.91	5	80.6
	0	-3.83	5	79.7
	0	-3.76	5	79.1
	0	-3.69	5	78.5
	0	-3.61	5	78.2
	0	-3.52	5	78
	0	-3.46	5	78
	0	-3.39	5	77.5
	0	-3.31	5	76.6
	0	-3.24	5	76.5
	0	-3.16	5	76
	0	-3.08	5	75.9
	0	-3.02	5	75.1
	0	-2.94	5	75.1
	0	-2.86	5	74.4
	0	-2.8	5	73.9
	0	-2.72	5	73.7
	0	-2.64	5	73.5
	0	-2.56	5	73.1
	0	-2.49	5	72.7
	0	-2.41	5	72.3
	0	-2.33	5	71.4
	0	-2.27	5	71.7
	0	-2.19	5	71.2
	0	-2.11	5	70.5
	0	-2.05	5	70.4
	0	-1.96	5	70.4
	0	-1.89	5	70.1
	0	-1.82	5	69.5
	0	-1.74	5	69.2
	0	-1.66	5	68.7
	0	-1.6	5	68
	0	-1.52	5	68
	0	-1.44	5	67.7
	0	-1.36	5	67.3
	0	-1.29	5	67.1
	0	-1.21	5	67
	0	-1.14	5	66.3
	0	-1.07	5	65.8
	0	-0.99	5	65.3
	0	-0.91	5	65.3
	0	-0.85	5	64.9
	0	-0.77	5	64.6
	0	-0.69	5	64
	0	-0.62	5	63.9
	0	-0.55	5	63.7
	0	-0.46	5	63.1
	0	-0.41	5	62.9
	0	-0.33	5	62.2
	0	-0.25	5	62
	0	-0.17	5	61.7
	0	-0.1	5	61.4
	0	-0.02	5	60.9
	0	0.05	5	60.7
	0	0.12	5	60.3
	0	0.2	5	60
	0	0.28	5	59.7
	0	0.34	5	59.6
	0	0.43	5	59.2
	0	0.5	5	58.8
	0	0.56	5	58.6
	0	0.65	5	58.6
	0	0.72	5	57.9
	0	0.79	5	57.6
	0	0.87	5	57.7
	0	0.95	5	57.3
	0	1.01	5	57
	0	1.09	5	56.2
	0	1.17	5	56
	0	1.26	5	55.9
	0	1.32	5	55.6
	0	1.39	5	55.7
	0	1.47	5	55.2
	0	1.53	5	54.6
	0	1.62	5	54.3
	0	1.7	5	53.9
	0	1.76	5	53.7
	0	1.84	5	53.8
	0	1.92	5	53.2
	0	1.98	5	52.8
	0	2.06	5	52.6
	0	2.14	5	52.2
	0	2.22	5	51.8
	0	2.28	5	51.8
	0	2.36	5	51.8
	0	2.44	5	51.4
	0	2.51	5	51.3
	0	2.59	5	51.2
	0	2.67	5	50.4
	0	2.73	5	50
	0	2.81	5	49.8
	0	2.89	5	49.6
	0	2.97	5	49.4
	0	3.03	5	49.1
	0	3.12	5	48.8
	0	3.19	5	48.7
	0	3.26	5	48.4
	0	3.34	5	47.9
	0	3.42	5	47.8
	0	3.48	5	47.7
	0	3.56	5	47.2
	0	3.64	5	47.4
	0	3.7	5	47.2
	0	3.79	5	46.2
	0	3.87	5	46.1
	0	3.93	5	46
	0	4.01	5	45.6
	0	4.08	5	45.4
	0	4.15	5	45.3
	0	4.24	5	45.1
	0	4.31	5	44.9
	0	4.37	5	44.6
	0	4.46	5	44.3
	0	4.53	5	44.2
	0	4.6	5	44.1
	0	4.67	5	43.7
	0	4.75	5	43.4
	0	4.83	5	43.3
	0	4.9	5	43.3
	0	4.98	5	42.7
	0	5.06	5	42.3
	0	5.12	5	42.1
	0	5.2	5	41.6
	0	5.28	5	41.6
	0	5.35	5	41.5
	0	5.42	5	41.3
	0	5.51	5	40.6
	0	5.57	5	40.6
	0	5.65	5	40.1
	0	5.73	5	40.3
	0	5.8	5	40.3
	0	5.87	5	39.6
	0	5.95	5	39.7
	0	6.03	5	39.3
	0	6.1	5	39
	0	6.17	5	39
	0	6.25	5	38.6
	0	6.31	5	38.4
	0	6.39	5	38
	0	6.48	5	37.9
	0	6.54	5	37.6
	0	6.62	5	37.7
	0	6.7	5	37
	0	6.76	5	36.9
	0	6.84	5	36.8
	0	6.92	5	36
	0	6.99	5	36.3
	0	7.07	5	36.1
	0	7.15	5	35.6
	0	7.22	5	35.4
	0	7.29	5	35.1
	0	7.37	5	35
	0	7.45	5	34.8
	0	7.51	5	34.9
	0	7.59	5	34.7
	0	7.68	5	34.2
	0	7.74	5	34.1
	0	7.82	5	34
	0	7.9	5	33.7
	0	7.96	5	33.6
	0	8.04	5	33.3
	0	8.12	5	33.2
	0	8.18	5	32.7
	0	8.26	5	32.6
	0	8.35	5	32.6
	0	8.41	5	32.2
	0	8.48	5	32.2
	0	8.56	5	32
	0	8.65	5	31.8
	0	8.71	5	31.3
	0	8.79	5	31.4
	0	8.87	5	31.2
	0	8.94	5	31
	0	9.02	5	30.8
	0	9.1	5	30.5
	0	9.16	5	30.6
	0	9.24	5	30.2
	0	9.32	5	30
	0	9.38	5	29.6
	0	9.45	5	29.6
	0	9.54	5	29.4
	0	9.62	5	29.3
	0	9.68	5	28.9
	0	9.76	5	29.1
	0	9.83	5	28.7
	0	9.9	5	28.2
	0	9.98	5	28.3
	0	10.06	5	28.2
	0	10.13	5	27.8
	0	10.2	5	27.6
	0	10.28	5	27.6
	0	10.35	5	27.2
	0	10.43	5	27.3
	0	10.5	5	26.8
	0	10.59	5	26.8
	0	10.66	5	26.4
	0	10.73	5	26.8
	0	10.8	5	26.2
	0	10.87	5	26.1
	0	10.95	5	25.8
	0	11.03	5	25.8
	0	11.08	5	25.8
	0	11.17	5	25.7
	0	11.25	5	25.1
	0	11.32	5	25.4
	0	11.4	5	24.9
	0	11.47	5	24.8
	0	11.56	5	25
	0	11.63	5	24.4
	0	11.7	5	24.4
	0	11.78	5	24.1
	0	11.84	5	23.9
	0	11.92	5	23.9
	0	12	5	23.7
	0	12.07	5	23.5
	0	12.14	5	23.4
	0	12.22	5	23.2
	0	12.29	5	23.1
	0	12.37	5	22.8
	0	12.45	5	22.7
	0	12.51	5	22.6
	0	12.59	5	22.5
	0	12.67	5	22.1
	0	12.74	5	22.3
	0	12.82	5	22
	0	12.89	5	21.7
	0	12.97	5	21.7
	0	13.04	5	21.6
	0	13.12	5	21.3
	0	13.2	5	21.5
	0	13.26	5	21.2
	0	13.35	5	21
	0	13.43	5	21.2
	0	13.49	5	20.6
	0	13.57	5	20.5
	0	13.64	5	20.2
	0	13.71	5	20.3
	0	13.79	5	20.1
	0	13.88	5	19.9
	0	13.94	5	20.1
	0	14.01	5	19.8
	0	14.1	5	19.7
	0	14.17	5	19.6
	0	14.24	5	19.2
	0	14.31	5	19.4
	0	14.4	5	19.2
	0	14.46	5	19.1
	0	14.54	5	18.9
	0	14.61	5	18.7
	0	14.68	5	18.6
	0	14.76	5	18.3
	0	14.84	5	18.4
	0	14.92	5	18.2
	0	14.99	5	17.9
	0	15.06	5	17.6
	0	15.14	5	17.4
	0	15.21	5	17.3
	0	15.28	5	16.9
	0	15.37	5	16.6
	0	15.43	5	16
	0	15.5	5	15.3
	0	15.58	5	15
	0	15.64	5	14.3
	0	15.73	5	13.1
	0	15.82	5	12
	0	15.87	5	11.3
	0	15.94	5	10.4
	0	16.03	5	9.4
	0	16.11	5	8.7
	0	16.17	5	8.2
	0	16.25	5	7.8
	0	16.33	5	7.5
	0	16.39	5	7.2
	0	16.47	5	7
	0	16.56	5	6.9
	0	16.62	5	6.6
	0	16.7	5	6.8
	0	16.78	5	6.6
	0	16.86	5	6.5
	0	16.92	5	6.5
	0	17	5	6.5
	0	17.08	5	6.2
	0	17.14	5	6.3
	0	17.23	5	6.1
	0	17.31	5	6.3
	0	17.37	5	6.1
	0	17.44	5	6.2
	0	17.52	5	6
	0	17.6	5	6
	0	17.67	5	5.9
	0	17.75	5	5.8
	0	17.8	5	5.7
	0	17.81	5	5.8
Scan Angle:	0
