Clinic:	Radiotherapie UMC Utrecht
Address:	Heidelberglaan 100, Utrecht
Telephone:	030-2507209
Email:	radiotherapy@azu.nl

Beam Description:

Radiation device	U10
Energy	6 MV Photon
Wedge:	 0 °
Gantry	0 °(0°up, CW)
Collimator	0 °
SSD, SAD [cm]:	100	100
Applicator:	No Applicator
Field size [cm x cm]:	10 x 10
Field position inline (min, max) [cm]:	-5	5
Field position crossline (min, max) [cm]:	-5	5
Medium:	Water

CurveType: 	Depth Dose

Curve Description:

Measurement Time:	2012-10-09 14:38:31
Modification Time:	2012-10-09 14:38:31
Operator:	
Measurement comment:	
Setup comment:	
Renormalise factor:	-
Curve offset [cm]:	-

Detector
Quantity:	Relative Dose
Detector Type:	IC 15	Ion Chamber (Cylindrical)	Offset to P eff [cm]: -0.18	Radius:68cm
Can be used for CA24 calibration:	No

Electrometer
Electrometer type:	CU500E
Measurement mode:	Continuous
Reference division:	-
Reference (avg, min, max):	1010	992	1024
Measurements per point:	-
Sampling time [ms]:	0
HV type:	-
Normalisation value, field and reference:	1060	1015
Dark current, field and reference:	-5	5
High voltage, field and reference [V]:	300	300
Gain, field and reference:	26	24
Range, field and reference:	HIGH	HIGH

Servo
Servo type:	Blue 48 48 41
Scan Speed [mm/s]:	5.1
Water surface correction [cm]:	9.9
Water offset correction [cm]:	0
Origin [X, Y, Z] [cm]:	0.45	0.09	19.81
Servo axis [I, C, D]:	-Y	X	-Z
Isocentre [I, C, D] [cm]:	0	0	0
Normalisation [I, C, D] [cm]:	-0.01	0	5

Position A [I, C, D] [cm]:	0.09	-0.45	19.67
Position B [I, C, D] [cm]:	0.09	-0.45	19.67
Position C [I, C, D] [cm]:	0.09	-0.45	19.67
Position D [I, C, D] [cm]:	0.09	-0.45	19.67
Number Of Points:	1013
Start Point [I,C,D] [cm]:	0	0	40
End Point [I,C,D] [cm]:	0	0	-0.05
Points [cm]:	Inline	Crossline	Depth	Relative Dose
	0	0	-0.02	57.8
	0	0	-0.01	58.5
	0	0	0.03	61
	0	0	0.06	62.1
	0	0	0.11	65.1
	0	0	0.14	66.8
	0	0	0.18	71.1
	0	0	0.23	76.7
	0	0	0.26	80.2
	0	0	0.31	85.5
	0	0	0.34	88
	0	0	0.39	92
	0	0	0.42	94.2
	0	0	0.46	97.5
	0	0	0.49	98.8
	0	0	0.54	101.5
	0	0	0.57	103.3
	0	0	0.6	104.3
	0	0	0.64	105.8
	0	0	0.69	107.2
	0	0	0.74	108.9
	0	0	0.77	109.7
	0	0	0.82	110.9
	0	0	0.85	111.5
	0	0	0.9	112.8
	0	0	0.95	113.3
	0	0	1	113.8
	0	0	1.03	114
	0	0	1.07	114.7
	0	0	1.1	114.9
	0	0	1.15	115
	0	0	1.19	115.2
	0	0	1.24	115.5
	0	0	1.27	115.6
	0	0	1.32	115.6
	0	0	1.35	115.8
	0	0	1.4	115.9
	0	0	1.43	115.8
	0	0	1.47	115.9
	0	0	1.52	116.2
	0	0	1.55	115.7
	0	0	1.6	115.9
	0	0	1.63	115.8
	0	0	1.67	115.6
	0	0	1.7	115.5
	0	0	1.75	115.4
	0	0	1.8	115.1
	0	0	1.83	115.1
	0	0	1.86	115.4
	0	0	1.9	114.8
	0	0	1.95	114.6
	0	0	1.98	114.8
	0	0	2.01	114.7
	0	0	2.05	114.3
	0	0	2.08	114.5
	0	0	2.13	113.7
	0	0	2.16	113.8
	0	0	2.19	113.9
	0	0	2.24	113.3
	0	0	2.28	113
	0	0	2.31	113
	0	0	2.36	112.9
	0	0	2.41	112.6
	0	0	2.44	112.4
	0	0	2.47	112.7
	0	0	2.51	112.3
	0	0	2.55	112.1
	0	0	2.59	111.7
	0	0	2.62	111.4
	0	0	2.65	111.4
	0	0	2.68	111.3
	0	0	2.72	111.2
	0	0	2.76	111
	0	0	2.79	111
	0	0	2.85	109.8
	0	0	2.88	110.3
	0	0	2.92	109.9
	0	0	2.97	109.5
	0	0	3	109.7
	0	0	3.03	109.6
	0	0	3.08	109.5
	0	0	3.13	108.9
	0	0	3.17	108.9
	0	0	3.2	108.7
	0	0	3.25	108.6
	0	0	3.28	108.5
	0	0	3.33	108.1
	0	0	3.38	108.2
	0	0	3.43	107.9
	0	0	3.46	107.4
	0	0	3.49	107.1
	0	0	3.53	107
	0	0	3.56	106.9
	0	0	3.6	106.7
	0	0	3.64	106.6
	0	0	3.67	106.6
	0	0	3.72	106.2
	0	0	3.75	106
	0	0	3.8	106.1
	0	0	3.85	105.5
	0	0	3.9	105.5
	0	0	3.93	105.2
	0	0	3.96	104.9
	0	0	4.01	104.8
	0	0	4.04	104.6
	0	0	4.08	104.1
	0	0	4.13	104.7
	0	0	4.16	104
	0	0	4.2	103.9
	0	0	4.26	103.4
	0	0	4.31	103.4
	0	0	4.34	103.1
	0	0	4.37	103.5
	0	0	4.42	102.9
	0	0	4.45	102.8
	0	0	4.49	102.1
	0	0	4.53	102.1
	0	0	4.56	101.8
	0	0	4.59	101.7
	0	0	4.62	101.6
	0	0	4.67	101.5
	0	0	4.72	101.1
	0	0	4.77	100.9
	0	0	4.8	100.6
	0	0	4.85	100.6
	0	0	4.89	100.6
	0	0	4.95	100.1
	0	0	4.98	100
	0	0	5.01	99.6
	0	0	5.05	99.8
	0	0	5.08	99.9
	0	0	5.13	99.2
	0	0	5.18	98.9
	0	0	5.21	98.9
	0	0	5.25	99
	0	0	5.3	98.7
	0	0	5.35	97.9
	0	0	5.38	97.7
	0	0	5.43	97.9
	0	0	5.48	97.6
	0	0	5.51	97.4
	0	0	5.56	96.9
	0	0	5.59	97
	0	0	5.64	96.8
	0	0	5.69	96.3
	0	0	5.72	96.4
	0	0	5.76	96.3
	0	0	5.81	96.3
	0	0	5.85	95.7
	0	0	5.9	95.7
	0	0	5.95	95.4
	0	0	5.98	95.5
	0	0	6.03	94.9
	0	0	6.06	95
	0	0	6.09	94.8
	0	0	6.13	94.7
	0	0	6.18	93.8
	0	0	6.23	94.1
	0	0	6.26	94.1
	0	0	6.31	93.7
	0	0	6.36	93.2
	0	0	6.39	93.3
	0	0	6.44	93
	0	0	6.47	92.8
	0	0	6.5	92.8
	0	0	6.54	92.6
	0	0	6.57	92.2
	0	0	6.61	92.3
	0	0	6.64	92.3
	0	0	6.67	92.1
	0	0	6.7	92.1
	0	0	6.74	91.7
	0	0	6.77	91.7
	0	0	6.82	91.6
	0	0	6.87	91.1
	0	0	6.9	91.5
	0	0	6.95	91.3
	0	0	6.98	90.7
	0	0	7.02	90.4
	0	0	7.07	90
	0	0	7.1	90.2
	0	0	7.13	90
	0	0	7.17	89.7
	0	0	7.23	89.6
	0	0	7.28	89.2
	0	0	7.33	88.9
	0	0	7.38	88.5
	0	0	7.41	88.4
	0	0	7.44	88.3
	0	0	7.48	88.3
	0	0	7.53	88.2
	0	0	7.58	87.9
	0	0	7.61	87.7
	0	0	7.66	87.1
	0	0	7.69	87.2
	0	0	7.72	87.1
	0	0	7.75	87.3
	0	0	7.79	86.7
	0	0	7.84	86.7
	0	0	7.88	86.5
	0	0	7.91	86.2
	0	0	7.94	86.5
	0	0	7.99	85.9
	0	0	8.04	85.7
	0	0	8.07	85.8
	0	0	8.1	85.7
	0	0	8.15	85.2
	0	0	8.21	85.2
	0	0	8.26	84.4
	0	0	8.29	84.6
	0	0	8.33	84.6
	0	0	8.36	84.6
	0	0	8.39	84.5
	0	0	8.43	84
	0	0	8.46	83.7
	0	0	8.49	84
	0	0	8.54	83.4
	0	0	8.57	83.4
	0	0	8.6	83.3
	0	0	8.64	83.2
	0	0	8.67	83.3
	0	0	8.7	82.8
	0	0	8.74	82.8
	0	0	8.77	82.8
	0	0	8.8	82.5
	0	0	8.84	82
	0	0	8.87	82.2
	0	0	8.92	82
	0	0	8.95	81.8
	0	0	9	81.7
	0	0	9.04	81.5
	0	0	9.08	81.5
	0	0	9.13	81.1
	0	0	9.16	81.2
	0	0	9.19	80.9
	0	0	9.23	80.7
	0	0	9.28	80.4
	0	0	9.31	80.2
	0	0	9.35	80.1
	0	0	9.4	80
	0	0	9.43	79.7
	0	0	9.46	79.6
	0	0	9.49	79.7
	0	0	9.54	79.4
	0	0	9.57	79.1
	0	0	9.61	78.7
	0	0	9.66	78.7
	0	0	9.71	78.6
	0	0	9.74	78.7
	0	0	9.78	78.2
	0	0	9.84	78.3
	0	0	9.87	78.1
	0	0	9.92	77.9
	0	0	9.95	77.7
	0	0	9.99	77.5
	0	0	10.04	77.3
	0	0	10.07	76.9
	0	0	10.1	77.1
	0	0	10.14	76.7
	0	0	10.17	76.5
	0	0	10.2	76.5
	0	0	10.23	76.5
	0	0	10.26	76.6
	0	0	10.3	76.4
	0	0	10.36	76.2
	0	0	10.4	75.9
	0	0	10.43	75.5
	0	0	10.47	75.5
	0	0	10.5	75.4
	0	0	10.53	75.2
	0	0	10.58	75.1
	0	0	10.63	74.8
	0	0	10.68	74.6
	0	0	10.71	74.8
	0	0	10.74	74.7
	0	0	10.77	74.4
	0	0	10.81	74.3
	0	0	10.84	74.1
	0	0	10.88	74.3
	0	0	10.91	73.9
	0	0	10.96	73.6
	0	0	11.01	73.7
	0	0	11.04	73.4
	0	0	11.09	73.2
	0	0	11.12	73
	0	0	11.17	73
	0	0	11.22	72.7
	0	0	11.27	72.5
	0	0	11.31	72.1
	0	0	11.34	72
	0	0	11.37	72.1
	0	0	11.42	71.9
	0	0	11.47	71.6
	0	0	11.52	71.3
	0	0	11.55	71
	0	0	11.6	71.1
	0	0	11.65	71.1
	0	0	11.68	70.9
	0	0	11.71	70.8
	0	0	11.75	70.6
	0	0	11.78	70.4
	0	0	11.83	70.1
	0	0	11.86	70.1
	0	0	11.9	70.2
	0	0	11.93	70.1
	0	0	11.96	69.7
	0	0	12.01	69.9
	0	0	12.06	69.7
	0	0	12.09	69.4
	0	0	12.12	69.1
	0	0	12.15	69.3
	0	0	12.21	68.9
	0	0	12.26	68.9
	0	0	12.29	68.5
	0	0	12.34	68.3
	0	0	12.39	68.2
	0	0	12.44	68.1
	0	0	12.47	68.2
	0	0	12.5	67.9
	0	0	12.54	67.9
	0	0	12.59	67.4
	0	0	12.62	67.3
	0	0	12.65	67.2
	0	0	12.69	66.9
	0	0	12.72	66.8
	0	0	12.77	67.1
	0	0	12.8	66.9
	0	0	12.83	66.6
	0	0	12.87	66.5
	0	0	12.9	66.6
	0	0	12.96	66.2
	0	0	13	66.2
	0	0	13.05	65.7
	0	0	13.1	65.2
	0	0	13.15	65.3
	0	0	13.18	65.4
	0	0	13.23	65.3
	0	0	13.28	65.1
	0	0	13.31	64.9
	0	0	13.34	64.8
	0	0	13.39	64.6
	0	0	13.43	64.3
	0	0	13.46	64.4
	0	0	13.51	64.2
	0	0	13.56	63.9
	0	0	13.59	64
	0	0	13.62	64
	0	0	13.66	63.7
	0	0	13.7	63.4
	0	0	13.74	63.3
	0	0	13.78	63.4
	0	0	13.82	63.1
	0	0	13.86	63.1
	0	0	13.91	62.8
	0	0	13.94	62.6
	0	0	13.97	62.7
	0	0	14.02	62.6
	0	0	14.05	62.2
	0	0	14.1	61.9
	0	0	14.15	62
	0	0	14.18	62.1
	0	0	14.21	61.9
	0	0	14.25	61.7
	0	0	14.28	61.6
	0	0	14.31	61.4
	0	0	14.35	61.2
	0	0	14.38	61.2
	0	0	14.43	61.1
	0	0	14.48	60.9
	0	0	14.51	61.1
	0	0	14.56	60.7
	0	0	14.61	60.6
	0	0	14.66	60.3
	0	0	14.71	60
	0	0	14.74	60.2
	0	0	14.78	60
	0	0	14.81	59.9
	0	0	14.86	59.8
	0	0	14.89	59.7
	0	0	14.92	59.8
	0	0	14.95	59.4
	0	0	14.99	59.1
	0	0	15.02	59.1
	0	0	15.07	59.1
	0	0	15.1	59.2
	0	0	15.14	58.8
	0	0	15.19	58.8
	0	0	15.22	58.7
	0	0	15.27	58.6
	0	0	15.3	58.4
	0	0	15.35	58.3
	0	0	15.38	58.1
	0	0	15.43	58
	0	0	15.46	57.9
	0	0	15.5	57.7
	0	0	15.55	57.6
	0	0	15.58	57.5
	0	0	15.63	57.3
	0	0	15.68	57.1
	0	0	15.73	57.3
	0	0	15.76	56.9
	0	0	15.81	56.6
	0	0	15.86	56.6
	0	0	15.91	56.6
	0	0	15.94	56.4
	0	0	15.98	56.2
	0	0	16.01	56.5
	0	0	16.06	55.9
	0	0	16.11	55.6
	0	0	16.16	55.7
	0	0	16.19	55.6
	0	0	16.24	55.4
	0	0	16.27	55.4
	0	0	16.3	55.3
	0	0	16.35	55
	0	0	16.39	55.2
	0	0	16.42	55.2
	0	0	16.47	54.8
	0	0	16.5	54.7
	0	0	16.54	54.6
	0	0	16.58	54.3
	0	0	16.62	54.3
	0	0	16.65	54.3
	0	0	16.7	54.3
	0	0	16.73	54.4
	0	0	16.78	54
	0	0	16.82	53.5
	0	0	16.85	53.8
	0	0	16.88	53.8
	0	0	16.93	53.3
	0	0	16.96	53.3
	0	0	17.01	53.4
	0	0	17.04	53.3
	0	0	17.08	53.1
	0	0	17.11	52.8
	0	0	17.16	52.9
	0	0	17.19	52.8
	0	0	17.23	52.7
	0	0	17.28	52.4
	0	0	17.31	52.3
	0	0	17.34	52.2
	0	0	17.38	52
	0	0	17.41	52
	0	0	17.44	51.8
	0	0	17.47	52.1
	0	0	17.52	51.8
	0	0	17.57	51.6
	0	0	17.62	51.5
	0	0	17.65	51.3
	0	0	17.69	51.4
	0	0	17.72	51.3
	0	0	17.75	51.2
	0	0	17.79	51.1
	0	0	17.82	50.9
	0	0	17.87	50.9
	0	0	17.92	50.7
	0	0	17.98	50.4
	0	0	18.01	50.3
	0	0	18.05	50.3
	0	0	18.1	50
	0	0	18.15	50
	0	0	18.18	50
	0	0	18.23	49.7
	0	0	18.28	49.9
	0	0	18.33	49.6
	0	0	18.36	49.8
	0	0	18.41	49.6
	0	0	18.44	49.2
	0	0	18.47	49.1
	0	0	18.51	48.9
	0	0	18.55	49
	0	0	18.58	48.8
	0	0	18.61	48.6
	0	0	18.66	48.6
	0	0	18.69	48.5
	0	0	18.72	48.4
	0	0	18.75	48.3
	0	0	18.79	48.4
	0	0	18.84	48.2
	0	0	18.87	48.2
	0	0	18.92	47.9
	0	0	18.96	47.8
	0	0	18.99	48.1
	0	0	19.02	47.8
	0	0	19.07	47.5
	0	0	19.12	47.3
	0	0	19.17	47.3
	0	0	19.2	47.2
	0	0	19.25	47
	0	0	19.3	47
	0	0	19.35	46.8
	0	0	19.38	46.7
	0	0	19.42	46.8
	0	0	19.45	46.7
	0	0	19.5	46.4
	0	0	19.53	46.5
	0	0	19.58	46.2
	0	0	19.63	46.3
	0	0	19.68	46
	0	0	19.71	45.9
	0	0	19.74	45.9
	0	0	19.79	45.9
	0	0	19.83	45.9
	0	0	19.88	45.6
	0	0	19.91	45.4
	0	0	19.96	45.4
	0	0	20.01	45.3
	0	0	20.06	45.1
	0	0	20.09	45
	0	0	20.14	45
	0	0	20.17	44.9
	0	0	20.21	44.9
	0	0	20.26	44.7
	0	0	20.31	44.6
	0	0	20.34	44.6
	0	0	20.37	44.5
	0	0	20.42	44.2
	0	0	20.47	44.2
	0	0	20.5	44.1
	0	0	20.55	43.9
	0	0	20.58	43.8
	0	0	20.63	43.7
	0	0	20.67	43.7
	0	0	20.72	43.6
	0	0	20.75	43.5
	0	0	20.8	43.3
	0	0	20.83	43.3
	0	0	20.88	43.3
	0	0	20.93	43
	0	0	20.96	43
	0	0	21.01	43
	0	0	21.04	42.8
	0	0	21.08	42.7
	0	0	21.13	42.9
	0	0	21.18	42.5
	0	0	21.21	42.4
	0	0	21.26	42.4
	0	0	21.29	42.3
	0	0	21.34	42.2
	0	0	21.39	42.1
	0	0	21.42	42
	0	0	21.47	41.8
	0	0	21.51	41.7
	0	0	21.56	41.8
	0	0	21.59	41.8
	0	0	21.64	41.3
	0	0	21.67	41.4
	0	0	21.7	41.5
	0	0	21.75	41.3
	0	0	21.78	41.3
	0	0	21.82	41
	0	0	21.85	41.2
	0	0	21.88	41
	0	0	21.91	40.9
	0	0	21.95	40.8
	0	0	22	40.8
	0	0	22.03	40.4
	0	0	22.07	40.5
	0	0	22.1	40.4
	0	0	22.13	40.4
	0	0	22.16	40.4
	0	0	22.21	40.1
	0	0	22.26	40.1
	0	0	22.31	39.9
	0	0	22.34	40
	0	0	22.38	39.8
	0	0	22.41	39.8
	0	0	22.46	39.9
	0	0	22.51	39.7
	0	0	22.55	39.4
	0	0	22.59	39.5
	0	0	22.64	39.4
	0	0	22.67	39.2
	0	0	22.72	39.1
	0	0	22.75	39.1
	0	0	22.79	39
	0	0	22.82	38.8
	0	0	22.86	38.9
	0	0	22.89	38.9
	0	0	22.95	38.7
	0	0	23	38.7
	0	0	23.05	38.4
	0	0	23.08	38.4
	0	0	23.13	38.3
	0	0	23.16	38.3
	0	0	23.2	38.1
	0	0	23.24	38
	0	0	23.27	37.9
	0	0	23.3	37.9
	0	0	23.35	37.8
	0	0	23.38	37.7
	0	0	23.43	37.8
	0	0	23.48	37.6
	0	0	23.51	37.7
	0	0	23.56	37.4
	0	0	23.61	37.4
	0	0	23.64	37.2
	0	0	23.68	37.1
	0	0	23.73	36.9
	0	0	23.76	36.9
	0	0	23.81	36.8
	0	0	23.84	36.8
	0	0	23.87	36.7
	0	0	23.9	36.7
	0	0	23.94	36.6
	0	0	23.99	36.6
	0	0	24.04	36.5
	0	0	24.07	36.3
	0	0	24.11	36.4
	0	0	24.14	36.2
	0	0	24.19	36.1
	0	0	24.22	36.1
	0	0	24.27	36
	0	0	24.3	35.9
	0	0	24.35	35.9
	0	0	24.4	35.8
	0	0	24.43	35.8
	0	0	24.47	35.7
	0	0	24.5	35.6
	0	0	24.53	35.3
	0	0	24.56	35.3
	0	0	24.6	35.4
	0	0	24.63	35.5
	0	0	24.68	35.3
	0	0	24.73	35.2
	0	0	24.78	35
	0	0	24.81	34.9
	0	0	24.84	35
	0	0	24.88	35
	0	0	24.93	34.9
	0	0	24.96	34.8
	0	0	25.01	34.7
	0	0	25.06	34.7
	0	0	25.11	34.4
	0	0	25.14	34.4
	0	0	25.19	34.3
	0	0	25.22	34.2
	0	0	25.27	34.2
	0	0	25.3	34.2
	0	0	25.34	34.2
	0	0	25.39	33.8
	0	0	25.42	33.9
	0	0	25.47	33.8
	0	0	25.52	33.7
	0	0	25.57	33.6
	0	0	25.6	33.6
	0	0	25.65	33.6
	0	0	25.68	33.3
	0	0	25.73	33.3
	0	0	25.77	33.3
	0	0	25.82	33.1
	0	0	25.85	33.2
	0	0	25.9	33
	0	0	25.93	33
	0	0	25.98	33
	0	0	26.03	32.8
	0	0	26.06	32.9
	0	0	26.11	32.8
	0	0	26.14	32.5
	0	0	26.19	32.6
	0	0	26.23	32.4
	0	0	26.26	32.3
	0	0	26.31	32.3
	0	0	26.34	32.4
	0	0	26.39	32.2
	0	0	26.44	32.2
	0	0	26.49	32.1
	0	0	26.52	32
	0	0	26.57	31.8
	0	0	26.6	31.9
	0	0	26.64	31.8
	0	0	26.69	31.7
	0	0	26.72	31.6
	0	0	26.77	31.6
	0	0	26.8	31.5
	0	0	26.83	31.5
	0	0	26.87	31.5
	0	0	26.9	31.3
	0	0	26.95	31.4
	0	0	26.98	31.1
	0	0	27.02	31.1
	0	0	27.05	31
	0	0	27.1	31
	0	0	27.15	31
	0	0	27.18	30.9
	0	0	27.23	30.8
	0	0	27.28	30.5
	0	0	27.31	30.6
	0	0	27.36	30.5
	0	0	27.39	30.5
	0	0	27.42	30.4
	0	0	27.45	30.5
	0	0	27.48	30.3
	0	0	27.53	30.3
	0	0	27.56	30.2
	0	0	27.59	30.2
	0	0	27.63	30
	0	0	27.66	30.2
	0	0	27.71	30
	0	0	27.74	29.9
	0	0	27.79	29.8
	0	0	27.82	30
	0	0	27.85	29.9
	0	0	27.89	29.8
	0	0	27.92	29.6
	0	0	27.95	29.6
	0	0	27.99	29.6
	0	0	28.02	29.5
	0	0	28.05	29.5
	0	0	28.1	29.4
	0	0	28.15	29.3
	0	0	28.2	29.2
	0	0	28.23	29.3
	0	0	28.28	29
	0	0	28.32	29.1
	0	0	28.37	29
	0	0	28.4	28.9
	0	0	28.43	28.9
	0	0	28.46	28.7
	0	0	28.51	28.8
	0	0	28.56	28.6
	0	0	28.59	28.6
	0	0	28.62	28.5
	0	0	28.66	28.4
	0	0	28.69	28.4
	0	0	28.73	28.4
	0	0	28.78	28.3
	0	0	28.81	28.3
	0	0	28.86	28.3
	0	0	28.91	28.3
	0	0	28.94	28
	0	0	28.97	28.2
	0	0	29.02	28
	0	0	29.07	27.9
	0	0	29.12	27.9
	0	0	29.15	27.8
	0	0	29.19	27.8
	0	0	29.22	27.6
	0	0	29.27	27.5
	0	0	29.3	27.6
	0	0	29.34	27.5
	0	0	29.37	27.4
	0	0	29.42	27.3
	0	0	29.45	27.3
	0	0	29.5	27.3
	0	0	29.53	27.1
	0	0	29.56	27.2
	0	0	29.6	27.2
	0	0	29.65	27
	0	0	29.68	27
	0	0	29.71	27
	0	0	29.76	26.9
	0	0	29.79	26.9
	0	0	29.83	26.9
	0	0	29.86	26.9
	0	0	29.91	26.6
	0	0	29.94	26.6
	0	0	29.97	26.6
	0	0	30.01	26.6
	0	0	30.06	26.6
	0	0	30.11	26.5
	0	0	30.14	26.5
	0	0	30.19	26.4
	0	0	30.24	26.4
	0	0	30.27	26.3
	0	0	30.3	26.1
	0	0	30.34	26.2
	0	0	30.39	26.1
	0	0	30.44	26.1
	0	0	30.47	25.9
	0	0	30.52	25.9
	0	0	30.55	25.8
	0	0	30.58	25.8
	0	0	30.62	25.7
	0	0	30.67	25.8
	0	0	30.7	25.6
	0	0	30.75	25.6
	0	0	30.78	25.5
	0	0	30.83	25.4
	0	0	30.87	25.3
	0	0	30.9	25.3
	0	0	30.95	25.2
	0	0	30.98	25.1
	0	0	31.03	25.1
	0	0	31.06	25
	0	0	31.11	25
	0	0	31.16	25
	0	0	31.21	24.9
	0	0	31.24	25
	0	0	31.27	24.8
	0	0	31.31	24.9
	0	0	31.36	24.8
	0	0	31.41	24.8
	0	0	31.44	24.9
	0	0	31.49	24.6
	0	0	31.54	24.6
	0	0	31.57	24.6
	0	0	31.62	24.5
	0	0	31.65	24.5
	0	0	31.69	24.4
	0	0	31.74	24.2
	0	0	31.77	24.3
	0	0	31.82	24.1
	0	0	31.85	24.1
	0	0	31.88	24
	0	0	31.92	24.1
	0	0	31.95	24
	0	0	32	24
	0	0	32.03	23.9
	0	0	32.06	23.8
	0	0	32.11	23.7
	0	0	32.15	23.7
	0	0	32.18	23.7
	0	0	32.23	23.5
	0	0	32.28	23.6
	0	0	32.31	23.4
	0	0	32.34	23.3
	0	0	32.38	23.4
	0	0	32.41	23.4
	0	0	32.46	23.3
	0	0	32.49	23.3
	0	0	32.52	23.4
	0	0	32.56	23.4
	0	0	32.59	23.2
	0	0	32.63	23.1
	0	0	32.66	23.2
	0	0	32.71	22.9
	0	0	32.74	23
	0	0	32.79	23
	0	0	32.84	23
	0	0	32.87	22.8
	0	0	32.92	22.8
	0	0	32.95	22.8
	0	0	33	22.6
	0	0	33.04	22.5
	0	0	33.07	22.8
	0	0	33.1	22.6
	0	0	33.15	22.5
	0	0	33.18	22.4
	0	0	33.21	22.4
	0	0	33.25	22.4
	0	0	33.28	22.2
	0	0	33.33	22.4
	0	0	33.38	22.2
	0	0	33.43	22.2
	0	0	33.47	22.2
	0	0	33.5	22.1
	0	0	33.55	22
	0	0	33.58	21.9
	0	0	33.61	21.9
	0	0	33.64	22.1
	0	0	33.68	21.8
	0	0	33.71	21.9
	0	0	33.76	21.7
	0	0	33.79	21.8
	0	0	33.82	21.7
	0	0	33.86	21.6
	0	0	33.91	21.6
	0	0	33.96	21.6
	0	0	33.99	21.6
	0	0	34.04	21.5
	0	0	34.07	21.5
	0	0	34.12	21.4
	0	0	34.17	21.3
	0	0	34.22	21.3
	0	0	34.27	21.2
	0	0	34.32	21.2
	0	0	34.35	21.1
	0	0	34.38	21.1
	0	0	34.42	21
	0	0	34.45	21
	0	0	34.48	21
	0	0	34.53	20.9
	0	0	34.58	20.9
	0	0	34.61	21
	0	0	34.66	20.7
	0	0	34.7	20.7
	0	0	34.73	20.5
	0	0	34.78	20.6
	0	0	34.81	20.7
	0	0	34.84	20.5
	0	0	34.88	20.6
	0	0	34.91	20.4
	0	0	34.96	20.4
	0	0	34.99	20.4
	0	0	35.04	20.4
	0	0	35.07	20.3
	0	0	35.11	20.2
	0	0	35.16	20.3
	0	0	35.19	20.2
	0	0	35.24	20.1
	0	0	35.27	20
	0	0	35.3	20.1
	0	0	35.34	20
	0	0	35.39	20.1
	0	0	35.42	20
	0	0	35.47	20
	0	0	35.52	19.9
	0	0	35.55	19.9
	0	0	35.59	19.8
	0	0	35.62	19.7
	0	0	35.67	19.6
	0	0	35.7	19.7
	0	0	35.75	19.6
	0	0	35.8	19.7
	0	0	35.83	19.4
	0	0	35.88	19.5
	0	0	35.91	19.5
	0	0	35.96	19.4
	0	0	36	19.4
	0	0	36.03	19.3
	0	0	36.08	19.4
	0	0	36.13	19.4
	0	0	36.16	19.2
	0	0	36.21	19.2
	0	0	36.24	19.1
	0	0	36.27	19.2
	0	0	36.31	19
	0	0	36.34	19
	0	0	36.37	19.1
	0	0	36.41	18.9
	0	0	36.46	18.9
	0	0	36.49	18.9
	0	0	36.52	18.8
	0	0	36.56	18.8
	0	0	36.59	18.7
	0	0	36.62	18.7
	0	0	36.67	18.7
	0	0	36.72	18.6
	0	0	36.77	18.6
	0	0	36.82	18.5
	0	0	36.87	18.5
	0	0	36.92	18.3
	0	0	36.95	18.4
	0	0	37	18.3
	0	0	37.03	18.3
	0	0	37.06	18.3
	0	0	37.1	18.3
	0	0	37.13	18.3
	0	0	37.18	18.3
	0	0	37.23	18.2
	0	0	37.28	18.1
	0	0	37.33	18.1
	0	0	37.38	18.1
	0	0	37.41	18.1
	0	0	37.46	17.9
	0	0	37.51	17.9
	0	0	37.54	17.7
	0	0	37.59	17.8
	0	0	37.64	17.8
	0	0	37.68	17.7
	0	0	37.71	17.6
	0	0	37.74	17.7
	0	0	37.79	17.7
	0	0	37.84	17.6
	0	0	37.87	17.6
	0	0	37.92	17.5
	0	0	37.97	17.4
	0	0	38	17.4
	0	0	38.03	17.2
	0	0	38.07	17.3
	0	0	38.12	17.2
	0	0	38.15	17.3
	0	0	38.2	17.3
	0	0	38.25	17.2
	0	0	38.3	17.2
	0	0	38.35	17.1
	0	0	38.38	17.1
	0	0	38.41	17.1
	0	0	38.44	17.1
	0	0	38.48	16.9
	0	0	38.51	16.9
	0	0	38.55	16.9
	0	0	38.6	16.9
	0	0	38.63	16.8
	0	0	38.66	16.9
	0	0	38.69	16.8
	0	0	38.73	16.7
	0	0	38.76	16.7
	0	0	38.79	16.6
	0	0	38.82	16.7
	0	0	38.86	16.6
	0	0	38.89	16.6
	0	0	38.94	16.6
	0	0	38.98	16.6
	0	0	39.01	16.6
	0	0	39.06	16.6
	0	0	39.09	16.6
	0	0	39.14	16.5
	0	0	39.17	16.4
	0	0	39.22	16.3
	0	0	39.27	16.3
	0	0	39.3	16.3
	0	0	39.33	16.3
	0	0	39.37	16.3
	0	0	39.4	16.3
	0	0	39.44	16.2
	0	0	39.47	16.1
	0	0	39.52	16.1
	0	0	39.55	16
	0	0	39.6	16.1
	0	0	39.63	16
	0	0	39.66	16
	0	0	39.7	16
	0	0	39.75	15.9
	0	0	39.78	15.8
	0	0	39.81	15.9
	0	0	39.85	15.9
	0	0	39.88	15.9
	0	0	39.91	15.8
	0	0	39.94	15.7
	0	0	39.98	15.8
	0	0	40.02	15.6
