Clinic:	Radiotherapie UMC Utrecht
Address:	Heidelberglaan 100, Utrecht
Telephone:	030-2507209
Email:	radiotherapy@azu.nl

Beam Description:

Radiation device	U10
Energy	6 MV Photon
Wedge:	Hard 60 °
Gantry	0 °(0°up, CW)
Collimator	0 °
SSD, SAD [cm]:	100	100
Applicator:	No Applicator
Field size [cm x cm]:	30 x 30
Field position inline (min, max) [cm]:	-15	15
Field position crossline (min, max) [cm]:	-15	15
Medium:	Water

CurveType: 	Inline Profile

Curve Description:

Measurement Time:	2012-10-09 10:54:42
Modification Time:	2012-10-09 10:54:42
Operator:	
Measurement comment:	
Setup comment:	
Renormalise factor:	-
Curve offset [cm]:	-

Detector
Quantity:	Relative Dose
Detector Type:	IC 15	Ion Chamber (Cylindrical)	Offset to P eff [cm]: -0.18	Radius:68cm
Can be used for CA24 calibration:	No

Electrometer
Electrometer type:	CU500E
Measurement mode:	Continuous
Reference division:	-
Reference (avg, min, max):	354	350	358
Measurements per point:	-
Sampling time [ms]:	0
HV type:	-
Normalisation value, field and reference:	1017	1031
Dark current, field and reference:	-4	4
High voltage, field and reference [V]:	300	300
Gain, field and reference:	18	18
Range, field and reference:	HIGH	HIGH

Servo
Servo type:	Blue 48 48 41
Scan Speed [mm/s]:	15
Water surface correction [cm]:	9.9
Water offset correction [cm]:	0
Origin [X, Y, Z] [cm]:	0.43	0.08	19.81
Servo axis [I, C, D]:	-Y	X	-Z
Isocentre [I, C, D] [cm]:	0	0	0
Normalisation [I, C, D] [cm]:	0	0	5

Position A [I, C, D] [cm]:	0.08	-0.43	19.67
Position B [I, C, D] [cm]:	0.08	-0.43	19.67
Position C [I, C, D] [cm]:	0.08	-0.43	19.67
Position D [I, C, D] [cm]:	0.08	-0.43	19.67
Number Of Points:	643
Start Point [I,C,D] [cm]:	-23.87	0	1.6
End Point [I,C,D] [cm]:	24.08	0	1.6
Points [cm]:	Inline	Crossline	Depth	Relative Dose
	-23.9	0	1.6	3.5
	-23.81	0	1.6	3.4
	-23.72	0	1.6	3.5
	-23.62	0	1.6	3.6
	-23.56	0	1.6	3.6
	-23.48	0	1.6	3.6
	-23.4	0	1.6	3.7
	-23.33	0	1.6	3.8
	-23.25	0	1.6	3.8
	-23.18	0	1.6	3.8
	-23.09	0	1.6	3.8
	-23.03	0	1.6	3.8
	-22.95	0	1.6	4.1
	-22.89	0	1.6	4.3
	-22.81	0	1.6	4.3
	-22.71	0	1.6	4.2
	-22.65	0	1.6	4.3
	-22.58	0	1.6	4.4
	-22.5	0	1.6	4.4
	-22.42	0	1.6	4.5
	-22.36	0	1.6	4.6
	-22.28	0	1.6	4.5
	-22.21	0	1.6	4.8
	-22.13	0	1.6	4.9
	-22.07	0	1.6	4.8
	-21.99	0	1.6	5
	-21.9	0	1.6	5.1
	-21.84	0	1.6	5.1
	-21.76	0	1.6	5.1
	-21.69	0	1.6	5.4
	-21.6	0	1.6	5.4
	-21.54	0	1.6	5.5
	-21.46	0	1.6	5.6
	-21.39	0	1.6	5.6
	-21.31	0	1.6	5.6
	-21.24	0	1.6	5.8
	-21.16	0	1.6	5.9
	-21.08	0	1.6	5.9
	-21.01	0	1.6	5.9
	-20.93	0	1.6	6
	-20.86	0	1.6	6.1
	-20.79	0	1.6	6.5
	-20.71	0	1.6	6.4
	-20.63	0	1.6	6.5
	-20.57	0	1.6	6.7
	-20.49	0	1.6	6.7
	-20.41	0	1.6	7
	-20.34	0	1.6	7.3
	-20.26	0	1.6	7.3
	-20.2	0	1.6	7.6
	-20.11	0	1.6	7.9
	-20.04	0	1.6	7.9
	-19.97	0	1.6	8
	-19.9	0	1.6	8.1
	-19.82	0	1.6	8.4
	-19.75	0	1.6	8.6
	-19.67	0	1.6	8.9
	-19.58	0	1.6	8.6
	-19.52	0	1.6	9
	-19.44	0	1.6	9.3
	-19.37	0	1.6	9.3
	-19.29	0	1.6	9.3
	-19.21	0	1.6	9.6
	-19.14	0	1.6	9.7
	-19.07	0	1.6	9.9
	-18.99	0	1.6	10
	-18.93	0	1.6	10.3
	-18.85	0	1.6	10.5
	-18.77	0	1.6	10.6
	-18.7	0	1.6	10.9
	-18.62	0	1.6	11.2
	-18.56	0	1.6	11.2
	-18.47	0	1.6	11.4
	-18.4	0	1.6	11.5
	-18.32	0	1.6	11.5
	-18.26	0	1.6	11.8
	-18.17	0	1.6	12.2
	-18.1	0	1.6	12.3
	-18.02	0	1.6	12.4
	-17.94	0	1.6	12.8
	-17.88	0	1.6	12.9
	-17.79	0	1.6	13.3
	-17.72	0	1.6	13.5
	-17.65	0	1.6	13.7
	-17.58	0	1.6	14
	-17.49	0	1.6	14.4
	-17.43	0	1.6	14.7
	-17.35	0	1.6	14.9
	-17.28	0	1.6	15.5
	-17.2	0	1.6	15.6
	-17.12	0	1.6	15.8
	-17.05	0	1.6	16.3
	-16.98	0	1.6	16.7
	-16.91	0	1.6	17.4
	-16.82	0	1.6	17.4
	-16.76	0	1.6	18.1
	-16.68	0	1.6	18.6
	-16.61	0	1.6	19.1
	-16.52	0	1.6	19.8
	-16.46	0	1.6	20.3
	-16.38	0	1.6	21.1
	-16.3	0	1.6	22.3
	-16.23	0	1.6	23.1
	-16.15	0	1.6	24.2
	-16.08	0	1.6	25.6
	-16	0	1.6	27.3
	-15.94	0	1.6	29.2
	-15.85	0	1.6	32.6
	-15.79	0	1.6	35.6
	-15.71	0	1.6	41.5
	-15.64	0	1.6	48.1
	-15.56	0	1.6	60.5
	-15.49	0	1.6	75.2
	-15.42	0	1.6	97.2
	-15.33	0	1.6	123.7
	-15.26	0	1.6	146.2
	-15.18	0	1.6	171.7
	-15.12	0	1.6	192.3
	-15.03	0	1.6	217.6
	-14.96	0	1.6	231.5
	-14.88	0	1.6	247.2
	-14.81	0	1.6	255.8
	-14.74	0	1.6	264.9
	-14.66	0	1.6	267.9
	-14.59	0	1.6	269.1
	-14.52	0	1.6	271
	-14.44	0	1.6	271.4
	-14.37	0	1.6	270.6
	-14.29	0	1.6	269.8
	-14.22	0	1.6	268.3
	-14.14	0	1.6	268.5
	-14.06	0	1.6	266.5
	-13.99	0	1.6	264.5
	-13.92	0	1.6	264.9
	-13.84	0	1.6	263.4
	-13.77	0	1.6	262
	-13.69	0	1.6	259.6
	-13.63	0	1.6	258.2
	-13.54	0	1.6	257.2
	-13.47	0	1.6	255.8
	-13.39	0	1.6	254.4
	-13.32	0	1.6	252.8
	-13.24	0	1.6	251.5
	-13.18	0	1.6	251.1
	-13.09	0	1.6	249.6
	-13.02	0	1.6	247.4
	-12.93	0	1.6	246.9
	-12.87	0	1.6	244.2
	-12.8	0	1.6	244.1
	-12.71	0	1.6	242.1
	-12.64	0	1.6	241.6
	-12.57	0	1.6	240.1
	-12.5	0	1.6	237.8
	-12.42	0	1.6	237.6
	-12.35	0	1.6	237.3
	-12.27	0	1.6	235.1
	-12.2	0	1.6	233.2
	-12.12	0	1.6	232.3
	-12.04	0	1.6	231
	-11.97	0	1.6	229.7
	-11.89	0	1.6	228.3
	-11.82	0	1.6	227.3
	-11.75	0	1.6	226.2
	-11.67	0	1.6	224.8
	-11.6	0	1.6	224.6
	-11.52	0	1.6	223.4
	-11.45	0	1.6	222
	-11.37	0	1.6	219.6
	-11.3	0	1.6	218.8
	-11.22	0	1.6	218.1
	-11.16	0	1.6	217.6
	-11.07	0	1.6	216.1
	-11.01	0	1.6	214.4
	-10.93	0	1.6	213.1
	-10.86	0	1.6	212.5
	-10.78	0	1.6	210.7
	-10.71	0	1.6	210.4
	-10.63	0	1.6	209
	-10.55	0	1.6	208.4
	-10.48	0	1.6	206.5
	-10.39	0	1.6	206.1
	-10.33	0	1.6	204.7
	-10.25	0	1.6	203.5
	-10.18	0	1.6	202.4
	-10.1	0	1.6	201.1
	-10.03	0	1.6	200.7
	-9.95	0	1.6	199.2
	-9.89	0	1.6	198.4
	-9.8	0	1.6	197.6
	-9.73	0	1.6	196.5
	-9.65	0	1.6	195
	-9.58	0	1.6	195
	-9.5	0	1.6	193.6
	-9.44	0	1.6	192.9
	-9.35	0	1.6	192.4
	-9.29	0	1.6	191.3
	-9.21	0	1.6	189.8
	-9.14	0	1.6	189.4
	-9.06	0	1.6	188.2
	-8.99	0	1.6	187
	-8.91	0	1.6	185.4
	-8.84	0	1.6	185.3
	-8.76	0	1.6	184.7
	-8.69	0	1.6	182.8
	-8.61	0	1.6	182.6
	-8.54	0	1.6	181.9
	-8.46	0	1.6	181.5
	-8.38	0	1.6	179.8
	-8.31	0	1.6	178.7
	-8.24	0	1.6	178.3
	-8.16	0	1.6	176.9
	-8.09	0	1.6	176.4
	-8.01	0	1.6	174.8
	-7.94	0	1.6	174.3
	-7.86	0	1.6	173.4
	-7.79	0	1.6	172.6
	-7.71	0	1.6	171.8
	-7.65	0	1.6	171.1
	-7.57	0	1.6	170.4
	-7.5	0	1.6	169.6
	-7.42	0	1.6	167.8
	-7.35	0	1.6	167.7
	-7.27	0	1.6	166.7
	-7.2	0	1.6	165.5
	-7.12	0	1.6	165.5
	-7.05	0	1.6	163.8
	-6.97	0	1.6	162.8
	-6.9	0	1.6	162.2
	-6.82	0	1.6	161.8
	-6.74	0	1.6	161.2
	-6.67	0	1.6	161
	-6.59	0	1.6	159.7
	-6.52	0	1.6	159.1
	-6.44	0	1.6	158.4
	-6.37	0	1.6	158.1
	-6.29	0	1.6	157.2
	-6.22	0	1.6	156.1
	-6.14	0	1.6	155
	-6.07	0	1.6	154.4
	-6	0	1.6	153.2
	-5.93	0	1.6	152.9
	-5.85	0	1.6	151.8
	-5.78	0	1.6	151.9
	-5.7	0	1.6	150.5
	-5.63	0	1.6	150.1
	-5.55	0	1.6	149.1
	-5.49	0	1.6	148.3
	-5.4	0	1.6	147.7
	-5.33	0	1.6	147.1
	-5.25	0	1.6	146
	-5.18	0	1.6	144.4
	-5.1	0	1.6	144.6
	-5.03	0	1.6	144.1
	-4.95	0	1.6	141.9
	-4.88	0	1.6	141.7
	-4.8	0	1.6	141.1
	-4.73	0	1.6	140.7
	-4.65	0	1.6	139.9
	-4.58	0	1.6	138.6
	-4.5	0	1.6	138.2
	-4.44	0	1.6	137
	-4.35	0	1.6	136.5
	-4.29	0	1.6	136.3
	-4.2	0	1.6	135.9
	-4.14	0	1.6	134.6
	-4.06	0	1.6	133.8
	-3.99	0	1.6	133.8
	-3.91	0	1.6	133
	-3.82	0	1.6	132.4
	-3.75	0	1.6	131.1
	-3.67	0	1.6	130.6
	-3.61	0	1.6	129.8
	-3.53	0	1.6	129.1
	-3.46	0	1.6	128.4
	-3.38	0	1.6	127.9
	-3.31	0	1.6	127.4
	-3.23	0	1.6	126.2
	-3.17	0	1.6	126
	-3.09	0	1.6	125.3
	-3.02	0	1.6	125.2
	-2.93	0	1.6	124.3
	-2.85	0	1.6	123.3
	-2.78	0	1.6	122.4
	-2.7	0	1.6	122.4
	-2.64	0	1.6	120.7
	-2.55	0	1.6	120.6
	-2.49	0	1.6	120.2
	-2.41	0	1.6	119.4
	-2.34	0	1.6	118.5
	-2.26	0	1.6	118.1
	-2.19	0	1.6	117.4
	-2.11	0	1.6	116.7
	-2.04	0	1.6	116.2
	-1.96	0	1.6	115.6
	-1.9	0	1.6	114.9
	-1.82	0	1.6	114.4
	-1.73	0	1.6	113.6
	-1.66	0	1.6	113.1
	-1.59	0	1.6	112.5
	-1.52	0	1.6	111.7
	-1.44	0	1.6	111.4
	-1.37	0	1.6	111.5
	-1.29	0	1.6	110.4
	-1.23	0	1.6	110
	-1.14	0	1.6	109.1
	-1.07	0	1.6	108.8
	-0.99	0	1.6	107.7
	-0.93	0	1.6	107.3
	-0.85	0	1.6	106.9
	-0.77	0	1.6	106.7
	-0.7	0	1.6	105.5
	-0.62	0	1.6	104.9
	-0.55	0	1.6	104.4
	-0.46	0	1.6	104.1
	-0.4	0	1.6	103.3
	-0.32	0	1.6	102.6
	-0.25	0	1.6	102.2
	-0.17	0	1.6	101.5
	-0.09	0	1.6	101.1
	-0.03	0	1.6	100.5
	0.05	0	1.6	99.8
	0.13	0	1.6	99.4
	0.2	0	1.6	98.7
	0.27	0	1.6	98.2
	0.35	0	1.6	97.8
	0.42	0	1.6	97.7
	0.5	0	1.6	96.6
	0.56	0	1.6	96.3
	0.65	0	1.6	95.8
	0.72	0	1.6	95.6
	0.79	0	1.6	94.4
	0.86	0	1.6	94.1
	0.94	0	1.6	93.6
	1.02	0	1.6	92.7
	1.09	0	1.6	92
	1.18	0	1.6	92.3
	1.24	0	1.6	91.8
	1.32	0	1.6	90.8
	1.39	0	1.6	90
	1.47	0	1.6	89.8
	1.54	0	1.6	89.5
	1.62	0	1.6	89
	1.69	0	1.6	88.6
	1.77	0	1.6	88.2
	1.84	0	1.6	87.3
	1.92	0	1.6	87.2
	1.98	0	1.6	86.5
	2.06	0	1.6	86.4
	2.14	0	1.6	85.5
	2.21	0	1.6	85.5
	2.3	0	1.6	84.9
	2.36	0	1.6	83.9
	2.44	0	1.6	83.9
	2.51	0	1.6	83.9
	2.59	0	1.6	82.4
	2.66	0	1.6	82.3
	2.74	0	1.6	82.1
	2.81	0	1.6	81.3
	2.89	0	1.6	81
	2.96	0	1.6	80.2
	3.04	0	1.6	80.2
	3.12	0	1.6	79.7
	3.18	0	1.6	79.1
	3.27	0	1.6	78.6
	3.33	0	1.6	78.3
	3.42	0	1.6	77.7
	3.48	0	1.6	77
	3.56	0	1.6	76.8
	3.62	0	1.6	76.4
	3.71	0	1.6	76.2
	3.78	0	1.6	75.8
	3.86	0	1.6	75
	3.93	0	1.6	74.8
	4	0	1.6	74.3
	4.09	0	1.6	73.9
	4.15	0	1.6	73.5
	4.23	0	1.6	73
	4.3	0	1.6	72.6
	4.38	0	1.6	71.8
	4.45	0	1.6	71.6
	4.53	0	1.6	71
	4.6	0	1.6	70.8
	4.68	0	1.6	70.4
	4.75	0	1.6	70.3
	4.83	0	1.6	69.6
	4.91	0	1.6	69.1
	4.98	0	1.6	69
	5.06	0	1.6	68.1
	5.13	0	1.6	68.1
	5.21	0	1.6	67.5
	5.27	0	1.6	67.2
	5.35	0	1.6	66.9
	5.42	0	1.6	66.3
	5.5	0	1.6	66
	5.57	0	1.6	65.7
	5.65	0	1.6	65.6
	5.72	0	1.6	64.8
	5.8	0	1.6	64.6
	5.88	0	1.6	63.7
	5.94	0	1.6	63.4
	6.02	0	1.6	62.9
	6.1	0	1.6	62.6
	6.17	0	1.6	62.4
	6.24	0	1.6	61.9
	6.33	0	1.6	61.4
	6.39	0	1.6	61
	6.48	0	1.6	60.6
	6.54	0	1.6	60.2
	6.62	0	1.6	59.8
	6.71	0	1.6	59.4
	6.77	0	1.6	59.1
	6.85	0	1.6	58.8
	6.91	0	1.6	58.5
	7	0	1.6	58
	7.07	0	1.6	57.5
	7.15	0	1.6	57.3
	7.21	0	1.6	56.6
	7.3	0	1.6	56.9
	7.36	0	1.6	56.4
	7.45	0	1.6	55.8
	7.53	0	1.6	55.4
	7.59	0	1.6	55.4
	7.68	0	1.6	55
	7.74	0	1.6	54.6
	7.83	0	1.6	54
	7.89	0	1.6	53.7
	7.97	0	1.6	53.6
	8.03	0	1.6	53.2
	8.12	0	1.6	52.9
	8.2	0	1.6	52.5
	8.26	0	1.6	52.2
	8.34	0	1.6	51.9
	8.41	0	1.6	51.8
	8.49	0	1.6	51.2
	8.56	0	1.6	51
	8.64	0	1.6	50.5
	8.7	0	1.6	50.5
	8.79	0	1.6	49.7
	8.85	0	1.6	49.1
	8.94	0	1.6	49.2
	9.02	0	1.6	48.9
	9.08	0	1.6	48.5
	9.17	0	1.6	48.1
	9.23	0	1.6	48
	9.32	0	1.6	47.5
	9.39	0	1.6	47.3
	9.46	0	1.6	47
	9.53	0	1.6	46.6
	9.61	0	1.6	46.3
	9.68	0	1.6	46.7
	9.77	0	1.6	45.6
	9.83	0	1.6	45.4
	9.91	0	1.6	45.1
	9.98	0	1.6	45
	10.06	0	1.6	44.6
	10.14	0	1.6	44.2
	10.21	0	1.6	44.1
	10.28	0	1.6	43.6
	10.35	0	1.6	43.2
	10.43	0	1.6	43.2
	10.5	0	1.6	42.8
	10.58	0	1.6	42.7
	10.65	0	1.6	42.2
	10.73	0	1.6	41.8
	10.8	0	1.6	41.8
	10.88	0	1.6	41.4
	10.97	0	1.6	41.1
	11.03	0	1.6	41
	11.11	0	1.6	40.4
	11.18	0	1.6	40.4
	11.26	0	1.6	39.9
	11.32	0	1.6	39.7
	11.4	0	1.6	39.5
	11.47	0	1.6	39.2
	11.55	0	1.6	39
	11.62	0	1.6	38.7
	11.7	0	1.6	38.4
	11.79	0	1.6	37.9
	11.85	0	1.6	37.8
	11.93	0	1.6	37.7
	12	0	1.6	37.4
	12.08	0	1.6	37.2
	12.15	0	1.6	36.8
	12.23	0	1.6	36.4
	12.3	0	1.6	36.5
	12.38	0	1.6	36.1
	12.45	0	1.6	36
	12.53	0	1.6	35.7
	12.6	0	1.6	35.5
	12.67	0	1.6	35.5
	12.76	0	1.6	34.9
	12.82	0	1.6	34.8
	12.9	0	1.6	34.5
	12.97	0	1.6	34.4
	13.05	0	1.6	34.2
	13.12	0	1.6	33.7
	13.2	0	1.6	33.7
	13.26	0	1.6	33.2
	13.35	0	1.6	33
	13.42	0	1.6	32.8
	13.49	0	1.6	32.6
	13.57	0	1.6	32.5
	13.64	0	1.6	32.4
	13.72	0	1.6	32.2
	13.79	0	1.6	32
	13.87	0	1.6	31.5
	13.93	0	1.6	31
	14.01	0	1.6	31.3
	14.09	0	1.6	30.8
	14.17	0	1.6	30.6
	14.24	0	1.6	30.3
	14.32	0	1.6	29.9
	14.39	0	1.6	29.7
	14.46	0	1.6	29.4
	14.55	0	1.6	28.9
	14.61	0	1.6	28.7
	14.7	0	1.6	28.2
	14.76	0	1.6	28.1
	14.84	0	1.6	27.2
	14.91	0	1.6	26.3
	14.99	0	1.6	25.1
	15.07	0	1.6	23.6
	15.14	0	1.6	22.1
	15.21	0	1.6	20.6
	15.28	0	1.6	19.1
	15.37	0	1.6	17.4
	15.44	0	1.6	16.1
	15.51	0	1.6	14.9
	15.58	0	1.6	13.9
	15.66	0	1.6	12.9
	15.73	0	1.6	12.4
	15.8	0	1.6	11.7
	15.89	0	1.6	11.3
	15.96	0	1.6	11.1
	16.05	0	1.6	10.7
	16.11	0	1.6	10.9
	16.19	0	1.6	10.3
	16.25	0	1.6	10.4
	16.34	0	1.6	10.1
	16.4	0	1.6	10.1
	16.48	0	1.6	9.9
	16.55	0	1.6	9.7
	16.63	0	1.6	9.7
	16.71	0	1.6	9.4
	16.77	0	1.6	9.3
	16.86	0	1.6	9.3
	16.93	0	1.6	9.3
	17.01	0	1.6	9.3
	17.08	0	1.6	8.9
	17.16	0	1.6	8.9
	17.23	0	1.6	8.7
	17.3	0	1.6	8.9
	17.39	0	1.6	8.6
	17.45	0	1.6	8.6
	17.53	0	1.6	8.4
	17.6	0	1.6	8.2
	17.69	0	1.6	8.3
	17.75	0	1.6	8
	17.83	0	1.6	8.1
	17.89	0	1.6	8
	17.98	0	1.6	8
	18.06	0	1.6	7.8
	18.12	0	1.6	7.7
	18.21	0	1.6	7.6
	18.28	0	1.6	7.4
	18.36	0	1.6	7.5
	18.42	0	1.6	7.2
	18.5	0	1.6	7.1
	18.57	0	1.6	7.1
	18.65	0	1.6	7
	18.72	0	1.6	7
	18.8	0	1.6	7
	18.88	0	1.6	6.9
	18.95	0	1.6	6.8
	19.02	0	1.6	6.5
	19.09	0	1.6	6.5
	19.18	0	1.6	6.5
	19.24	0	1.6	6.3
	19.33	0	1.6	6.2
	19.4	0	1.6	6.2
	19.47	0	1.6	6
	19.55	0	1.6	5.9
	19.62	0	1.6	5.9
	19.7	0	1.6	5.8
	19.77	0	1.6	5.8
	19.85	0	1.6	5.7
	19.91	0	1.6	5.8
	19.99	0	1.6	5.6
	20.06	0	1.6	5.6
	20.14	0	1.6	5.6
	20.22	0	1.6	5.3
	20.29	0	1.6	5.4
	20.37	0	1.6	5.1
	20.43	0	1.6	5.2
	20.52	0	1.6	5
	20.6	0	1.6	4.9
	20.67	0	1.6	4.9
	20.73	0	1.6	4.7
	20.81	0	1.6	4.8
	20.9	0	1.6	4.6
	20.96	0	1.6	4.6
	21.04	0	1.6	4.5
	21.11	0	1.6	4.4
	21.19	0	1.6	4.4
	21.26	0	1.6	4.3
	21.34	0	1.6	4.4
	21.41	0	1.6	4.3
	21.48	0	1.6	3.9
	21.56	0	1.6	3.9
	21.63	0	1.6	4
	21.72	0	1.6	3.7
	21.78	0	1.6	3.8
	21.87	0	1.6	3.7
	21.94	0	1.6	3.8
	22.01	0	1.6	3.5
	22.09	0	1.6	3.5
	22.16	0	1.6	3.6
	22.24	0	1.6	3.5
	22.3	0	1.6	3.5
	22.39	0	1.6	3.4
	22.46	0	1.6	3.2
	22.54	0	1.6	2.9
	22.6	0	1.6	2.9
	22.69	0	1.6	3
	22.75	0	1.6	3
	22.83	0	1.6	2.9
	22.91	0	1.6	2.8
	22.99	0	1.6	2.7
	23.06	0	1.6	2.7
	23.13	0	1.6	2.6
	23.21	0	1.6	2.6
	23.27	0	1.6	2.7
	23.35	0	1.6	2.7
	23.42	0	1.6	2.5
	23.51	0	1.6	2.6
	23.59	0	1.6	2.5
	23.65	0	1.6	2.4
	23.73	0	1.6	2.3
	23.81	0	1.6	2.3
	23.88	0	1.6	2.3
	23.95	0	1.6	2.1
	24.02	0	1.6	2.1
	24.03	0	1.6	2.1
Scan Angle:	90
